MC
['empty', 'empty', 'empty', 'empty', 'empty', 'empty', 'empty', 'empty', 'empty', 'empty', 'empty', 'empty', 'empty', 'empty', 'empty', 'empty', 'empty', 'empty', 'empty', 'empty', 'empty', 'empty', 'empty', 'empty', 'elected', 'init']
MC_random_25_states
[0.0, 0.0, 0.0, 0.0, 0.0, 0.0, 0.0, 0.0, 0.0, 0.0, 0.0, 0.0, 0.0, 0.0, 0.0, 0.0, 0.0, 0.0, 0.0, 0.0, 0.0, 0.0, 0.0, 0.0, 0.0, 1.0]
[[0.04790419161676647, 0.03592814371257485, 0.011976047904191617, 0.05389221556886228, 0.04790419161676647, 0.05389221556886228, 0.017964071856287425, 0.059880239520958084, 0.04790419161676647, 0.04790419161676647, 0.04790419161676647, 0.059880239520958084, 0.05389221556886228, 0.029940119760479042, 0.017964071856287425, 0.041916167664670656, 0.029940119760479042, 0.023952095808383235, 0.005988023952095809, 0.04790419161676647, 0.03592814371257485, 0.03592814371257485, 0.059880239520958084, 0.041916167664670656, 0.041916167664670656, 0.0], [0.07627118644067797, 0.025423728813559324, 0.05084745762711865, 0.07627118644067797, 0.01694915254237288, 0.025423728813559324, 0.06779661016949153, 0.00847457627118644, 0.07627118644067797, 0.03389830508474576, 0.01694915254237288, 0.00847457627118644, 0.03389830508474576, 0.025423728813559324, 0.03389830508474576, 0.025423728813559324, 0.0847457627118644, 0.025423728813559324, 0.01694915254237288, 0.00847457627118644, 0.01694915254237288, 0.0847457627118644, 0.0847457627118644, 0.00847457627118644, 0.06779661016949153, 0.0], [0.01948051948051948, 0.045454545454545456, 0.025974025974025976, 0.05194805194805195, 0.05844155844155844, 0.01948051948051948, 0.045454545454545456, 0.05194805194805195, 0.05194805194805195, 0.06493506493506493, 0.01948051948051948, 0.05194805194805195, 0.03896103896103896, 0.025974025974025976, 0.006493506493506494, 0.03896103896103896, 0.032467532467532464, 0.025974025974025976, 0.05844155844155844, 0.06493506493506493, 0.03896103896103896, 0.05844155844155844, 0.045454545454545456, 0.05194805194805195, 0.006493506493506494, 0.0], [0.03571428571428571, 0.05, 0.06428571428571428, 0.03571428571428571, 0.06428571428571428, 0.014285714285714285, 0.07142857142857142, 0.04285714285714286, 0.03571428571428571, 0.02142857142857143, 0.02857142857142857, 0.03571428571428571, 0.05714285714285714, 0.05, 0.05, 0.06428571428571428, 0.007142857142857143, 0.02857142857142857, 0.04285714285714286, 0.05, 0.014285714285714285, 0.014285714285714285, 0.05, 0.007142857142857143, 0.06428571428571428, 0.0], [0.055944055944055944, 0.04195804195804196, 0.055944055944055944, 0.04895104895104895, 0.06293706293706294, 0.03496503496503497, 0.03496503496503497, 0.006993006993006993, 0.055944055944055944, 0.02097902097902098, 0.013986013986013986, 0.06293706293706294, 0.06293706293706294, 0.013986013986013986, 0.027972027972027972, 0.013986013986013986, 0.027972027972027972, 0.04895104895104895, 0.055944055944055944, 0.03496503496503497, 0.006993006993006993, 0.055944055944055944, 0.027972027972027972, 0.055944055944055944, 0.06993006993006994, 0.0], [0.04794520547945205, 0.04794520547945205, 0.0684931506849315, 0.0273972602739726, 0.02054794520547945, 0.0547945205479452, 0.04794520547945205, 0.0547945205479452, 0.0684931506849315, 0.03424657534246575, 0.0273972602739726, 0.00684931506849315, 0.0410958904109589, 0.00684931506849315, 0.0684931506849315, 0.0410958904109589, 0.0547945205479452, 0.0410958904109589, 0.0684931506849315, 0.06164383561643835, 0.02054794520547945, 0.03424657534246575, 0.02054794520547945, 0.0273972602739726, 0.00684931506849315, 0.0], [0.029411764705882353, 0.051470588235294115, 0.07352941176470588, 0.007352941176470588, 0.029411764705882353, 0.03676470588235294, 0.0661764705882353, 0.051470588235294115, 0.029411764705882353, 0.058823529411764705, 0.029411764705882353, 0.07352941176470588, 0.014705882352941176, 0.03676470588235294, 0.0661764705882353, 0.029411764705882353, 0.007352941176470588, 0.022058823529411766, 0.03676470588235294, 0.051470588235294115, 0.014705882352941176, 0.07352941176470588, 0.007352941176470588, 0.07352941176470588, 0.029411764705882353, 0.0], [0.013605442176870748, 0.02040816326530612, 0.027210884353741496, 0.02040816326530612, 0.06802721088435375, 0.04081632653061224, 0.02040816326530612, 0.05442176870748299, 0.06802721088435375, 0.04081632653061224, 0.047619047619047616, 0.04081632653061224, 0.06802721088435375, 0.06802721088435375, 0.047619047619047616, 0.061224489795918366, 0.04081632653061224, 0.034013605442176874, 0.034013605442176874, 0.047619047619047616, 0.02040816326530612, 0.02040816326530612, 0.013605442176870748, 0.027210884353741496, 0.05442176870748299, 0.0], [0.036231884057971016, 0.007246376811594203, 0.043478260869565216, 0.057971014492753624, 0.028985507246376812, 0.06521739130434782, 0.043478260869565216, 0.07246376811594203, 0.014492753623188406, 0.043478260869565216, 0.036231884057971016, 0.028985507246376812, 0.07246376811594203, 0.043478260869565216, 0.050724637681159424, 0.050724637681159424, 0.014492753623188406, 0.007246376811594203, 0.043478260869565216, 0.021739130434782608, 0.007246376811594203, 0.043478260869565216, 0.06521739130434782, 0.043478260869565216, 0.057971014492753624, 0.0], [0.06293706293706294, 0.06993006993006994, 0.06993006993006994, 0.006993006993006993, 0.027972027972027972, 0.055944055944055944, 0.006993006993006993, 0.03496503496503497, 0.055944055944055944, 0.055944055944055944, 0.03496503496503497, 0.013986013986013986, 0.027972027972027972, 0.006993006993006993, 0.055944055944055944, 0.055944055944055944, 0.04195804195804196, 0.013986013986013986, 0.04195804195804196, 0.027972027972027972, 0.06993006993006994, 0.027972027972027972, 0.006993006993006993, 0.06993006993006994, 0.055944055944055944, 0.0], [0.047619047619047616, 0.013605442176870748, 0.05442176870748299, 0.06802721088435375, 0.047619047619047616, 0.027210884353741496, 0.05442176870748299, 0.02040816326530612, 0.05442176870748299, 0.061224489795918366, 0.06802721088435375, 0.013605442176870748, 0.02040816326530612, 0.06802721088435375, 0.006802721088435374, 0.047619047619047616, 0.061224489795918366, 0.04081632653061224, 0.05442176870748299, 0.04081632653061224, 0.061224489795918366, 0.013605442176870748, 0.02040816326530612, 0.027210884353741496, 0.006802721088435374, 0.0], [0.043478260869565216, 0.043478260869565216, 0.050724637681159424, 0.050724637681159424, 0.007246376811594203, 0.07246376811594203, 0.043478260869565216, 0.043478260869565216, 0.028985507246376812, 0.043478260869565216, 0.07246376811594203, 0.014492753623188406, 0.014492753623188406, 0.07246376811594203, 0.06521739130434782, 0.014492753623188406, 0.07246376811594203, 0.014492753623188406, 0.007246376811594203, 0.050724637681159424, 0.007246376811594203, 0.007246376811594203, 0.021739130434782608, 0.06521739130434782, 0.07246376811594203, 0.0], [0.006802721088435374, 0.02040816326530612, 0.06802721088435375, 0.013605442176870748, 0.04081632653061224, 0.027210884353741496, 0.04081632653061224, 0.05442176870748299, 0.027210884353741496, 0.047619047619047616, 0.06802721088435375, 0.04081632653061224, 0.061224489795918366, 0.027210884353741496, 0.047619047619047616, 0.034013605442176874, 0.034013605442176874, 0.02040816326530612, 0.061224489795918366, 0.04081632653061224, 0.05442176870748299, 0.047619047619047616, 0.02040816326530612, 0.061224489795918366, 0.034013605442176874, 0.0], [0.022556390977443608, 0.05263157894736842, 0.015037593984962405, 0.007518796992481203, 0.03759398496240601, 0.07518796992481203, 0.007518796992481203, 0.06015037593984962, 0.07518796992481203, 0.007518796992481203, 0.022556390977443608, 0.03007518796992481, 0.007518796992481203, 0.007518796992481203, 0.015037593984962405, 0.06015037593984962, 0.06766917293233082, 0.022556390977443608, 0.06766917293233082, 0.03007518796992481, 0.05263157894736842, 0.03759398496240601, 0.07518796992481203, 0.07518796992481203, 0.06766917293233082, 0.0], [0.007874015748031496, 0.07086614173228346, 0.03937007874015748, 0.015748031496062992, 0.047244094488188976, 0.047244094488188976, 0.031496062992125984, 0.015748031496062992, 0.023622047244094488, 0.07874015748031496, 0.031496062992125984, 0.015748031496062992, 0.031496062992125984, 0.047244094488188976, 0.015748031496062992, 0.06299212598425197, 0.03937007874015748, 0.06299212598425197, 0.07086614173228346, 0.047244094488188976, 0.015748031496062992, 0.07086614173228346, 0.05511811023622047, 0.007874015748031496, 0.047244094488188976, 0.0], [0.028985507246376812, 0.014492753623188406, 0.06521739130434782, 0.007246376811594203, 0.043478260869565216, 0.07246376811594203, 0.07246376811594203, 0.036231884057971016, 0.07246376811594203, 0.050724637681159424, 0.043478260869565216, 0.036231884057971016, 0.07246376811594203, 0.06521739130434782, 0.028985507246376812, 0.057971014492753624, 0.036231884057971016, 0.007246376811594203, 0.007246376811594203, 0.057971014492753624, 0.057971014492753624, 0.007246376811594203, 0.007246376811594203, 0.007246376811594203, 0.043478260869565216, 0.0], [0.05714285714285714, 0.05, 0.05714285714285714, 0.05, 0.07142857142857142, 0.04285714285714286, 0.02142857142857143, 0.06428571428571428, 0.03571428571428571, 0.05714285714285714, 0.04285714285714286, 0.04285714285714286, 0.02857142857142857, 0.02142857142857143, 0.02142857142857143, 0.03571428571428571, 0.07142857142857142, 0.05714285714285714, 0.007142857142857143, 0.014285714285714285, 0.014285714285714285, 0.07142857142857142, 0.02857142857142857, 0.02142857142857143, 0.014285714285714285, 0.0], [0.06040268456375839, 0.03355704697986577, 0.03355704697986577, 0.04697986577181208, 0.06711409395973154, 0.020134228187919462, 0.006711409395973154, 0.06040268456375839, 0.06040268456375839, 0.013422818791946308, 0.040268456375838924, 0.04697986577181208, 0.020134228187919462, 0.03355704697986577, 0.006711409395973154, 0.053691275167785234, 0.053691275167785234, 0.06711409395973154, 0.006711409395973154, 0.053691275167785234, 0.06711409395973154, 0.013422818791946308, 0.06711409395973154, 0.040268456375838924, 0.026845637583892617, 0.0], [0.007575757575757576, 0.022727272727272728, 0.030303030303030304, 0.030303030303030304, 0.007575757575757576, 0.022727272727272728, 0.045454545454545456, 0.015151515151515152, 0.07575757575757576, 0.06818181818181818, 0.007575757575757576, 0.06060606060606061, 0.015151515151515152, 0.03787878787878788, 0.06818181818181818, 0.022727272727272728, 0.06060606060606061, 0.06060606060606061, 0.045454545454545456, 0.06060606060606061, 0.045454545454545456, 0.05303030303030303, 0.06818181818181818, 0.007575757575757576, 0.06060606060606061, 0.0], [0.03305785123966942, 0.04132231404958678, 0.008264462809917356, 0.008264462809917356, 0.01652892561983471, 0.008264462809917356, 0.04132231404958678, 0.03305785123966942, 0.03305785123966942, 0.03305785123966942, 0.0743801652892562, 0.04132231404958678, 0.024793388429752067, 0.0743801652892562, 0.04132231404958678, 0.049586776859504134, 0.04132231404958678, 0.049586776859504134, 0.08264462809917356, 0.01652892561983471, 0.049586776859504134, 0.0743801652892562, 0.049586776859504134, 0.01652892561983471, 0.05785123966942149, 0.0], [0.06369426751592357, 0.06369426751592357, 0.03184713375796178, 0.044585987261146494, 0.01910828025477707, 0.025477707006369428, 0.050955414012738856, 0.050955414012738856, 0.044585987261146494, 0.06369426751592357, 0.044585987261146494, 0.06369426751592357, 0.01910828025477707, 0.06369426751592357, 0.012738853503184714, 0.025477707006369428, 0.050955414012738856, 0.050955414012738856, 0.012738853503184714, 0.044585987261146494, 0.006369426751592357, 0.006369426751592357, 0.050955414012738856, 0.05732484076433121, 0.03184713375796178, 0.0], [0.00641025641025641, 0.05128205128205128, 0.05128205128205128, 0.0641025641025641, 0.00641025641025641, 0.057692307692307696, 0.03205128205128205, 0.05128205128205128, 0.00641025641025641, 0.0641025641025641, 0.04487179487179487, 0.04487179487179487, 0.057692307692307696, 0.05128205128205128, 0.03205128205128205, 0.02564102564102564, 0.038461538461538464, 0.019230769230769232, 0.0641025641025641, 0.038461538461538464, 0.057692307692307696, 0.01282051282051282, 0.04487179487179487, 0.05128205128205128, 0.02564102564102564, 0.0], [0.07547169811320754, 0.08490566037735849, 0.009433962264150943, 0.009433962264150943, 0.009433962264150943, 0.03773584905660377, 0.07547169811320754, 0.009433962264150943, 0.07547169811320754, 0.009433962264150943, 0.05660377358490566, 0.009433962264150943, 0.009433962264150943, 0.05660377358490566, 0.0660377358490566, 0.05660377358490566, 0.02830188679245283, 0.018867924528301886, 0.009433962264150943, 0.0660377358490566, 0.04716981132075472, 0.03773584905660377, 0.009433962264150943, 0.0660377358490566, 0.0660377358490566, 0.0], [0.01775147928994083, 0.047337278106508875, 0.05917159763313609, 0.01775147928994083, 0.05325443786982249, 0.04142011834319527, 0.05917159763313609, 0.01775147928994083, 0.047337278106508875, 0.03550295857988166, 0.05325443786982249, 0.05325443786982249, 0.05325443786982249, 0.03550295857988166, 0.047337278106508875, 0.04142011834319527, 0.029585798816568046, 0.011834319526627219, 0.047337278106508875, 0.029585798816568046, 0.03550295857988166, 0.05917159763313609, 0.047337278106508875, 0.023668639053254437, 0.03550295857988166, 0.0], [0.025974025974025976, 0.05194805194805195, 0.045454545454545456, 0.05844155844155844, 0.01948051948051948, 0.006493506493506494, 0.05844155844155844, 0.03896103896103896, 0.03896103896103896, 0.012987012987012988, 0.05844155844155844, 0.05194805194805195, 0.03896103896103896, 0.006493506493506494, 0.025974025974025976, 0.006493506493506494, 0.06493506493506493, 0.045454545454545456, 0.06493506493506493, 0.045454545454545456, 0.045454545454545456, 0.01948051948051948, 0.05844155844155844, 0.05194805194805195, 0.05844155844155844, 0.0], [1.0, 0.0, 0.0, 0.0, 0.0, 0.0, 0.0, 0.0, 0.0, 0.0, 0.0, 0.0, 0.0, 0.0, 0.0, 0.0, 0.0, 0.0, 0.0, 0.0, 0.0, 0.0, 0.0, 0.0, 0.0, 0.0]]
