states
0 1 2 3 4 5 6 7 8 9 10 11 12 13 14 15 16 17 18 19 20 21 22 23 24 25 
labels
empty init elected 
initial
0.0 0.0 0.0 0.0 0.0 0.0 0.0 0.0 0.0 0.0 0.0 0.0 0.0 0.0 0.0 0.0 0.0 0.0 0.0 0.0 0.0 0.0 0.0 0.0 0.0 1.0
transitions
0.041666666666666664 0.0625 0.06944444444444445 0.041666666666666664 0.006944444444444444 0.006944444444444444 0.013888888888888888 0.05555555555555555 0.04861111111111111 0.06944444444444445 0.020833333333333332 0.034722222222222224 0.041666666666666664 0.020833333333333332 0.034722222222222224 0.020833333333333332 0.034722222222222224 0.05555555555555555 0.05555555555555555 0.06944444444444445 0.013888888888888888 0.05555555555555555 0.006944444444444444 0.04861111111111111 0.06944444444444445 0.0 
0.06756756756756757 0.05405405405405406 0.0472972972972973 0.06756756756756757 0.013513513513513514 0.006756756756756757 0.013513513513513514 0.060810810810810814 0.060810810810810814 0.02702702702702703 0.06756756756756757 0.060810810810810814 0.05405405405405406 0.02702702702702703 0.0472972972972973 0.04054054054054054 0.013513513513513514 0.06756756756756757 0.02702702702702703 0.033783783783783786 0.060810810810810814 0.013513513513513514 0.033783783783783786 0.006756756756756757 0.02702702702702703 0.0 
0.060606060606060594 0.018181818181818177 0.006060606060606059 0.030303030303030297 0.060606060606060594 0.018181818181818177 0.04848484848484847 0.04848484848484847 0.060606060606060594 0.05454545454545453 0.04242424242424242 0.060606060606060594 0.024242424242424235 0.04848484848484847 0.04848484848484847 0.030303030303030297 0.036363636363636355 0.060606060606060594 0.024242424242424235 0.04242424242424242 0.05454545454545453 0.006060606060606059 0.018181818181818177 0.04848484848484847 0.04848484848484847 0.0 
0.06756756756756757 0.05405405405405406 0.02702702702702703 0.006756756756756757 0.060810810810810814 0.05405405405405406 0.05405405405405406 0.013513513513513514 0.013513513513513514 0.02702702702702703 0.006756756756756757 0.060810810810810814 0.0472972972972973 0.033783783783783786 0.04054054054054054 0.0472972972972973 0.02027027027027027 0.04054054054054054 0.05405405405405406 0.060810810810810814 0.033783783783783786 0.033783783783783786 0.05405405405405406 0.05405405405405406 0.033783783783783786 0.0 
0.07692307692307693 0.007692307692307693 0.023076923076923078 0.007692307692307693 0.06153846153846154 0.015384615384615385 0.06153846153846154 0.07692307692307693 0.06923076923076923 0.038461538461538464 0.007692307692307693 0.015384615384615385 0.07692307692307693 0.06923076923076923 0.023076923076923078 0.03076923076923077 0.015384615384615385 0.023076923076923078 0.06153846153846154 0.023076923076923078 0.05384615384615385 0.007692307692307693 0.07692307692307693 0.023076923076923078 0.05384615384615385 0.0 
0.05426356589147287 0.023255813953488372 0.06201550387596899 0.06201550387596899 0.007751937984496124 0.05426356589147287 0.046511627906976744 0.015503875968992248 0.03875968992248062 0.05426356589147287 0.007751937984496124 0.05426356589147287 0.046511627906976744 0.015503875968992248 0.023255813953488372 0.015503875968992248 0.046511627906976744 0.03875968992248062 0.007751937984496124 0.06201550387596899 0.06976744186046512 0.07751937984496124 0.046511627906976744 0.06201550387596899 0.007751937984496124 0.0 
0.06451612903225806 0.025806451612903226 0.06451612903225806 0.012903225806451613 0.03225806451612903 0.03225806451612903 0.04516129032258064 0.05806451612903226 0.05806451612903226 0.06451612903225806 0.01935483870967742 0.05161290322580645 0.03870967741935484 0.03870967741935484 0.03225806451612903 0.03870967741935484 0.05806451612903226 0.03870967741935484 0.05806451612903226 0.012903225806451613 0.012903225806451613 0.05806451612903226 0.05161290322580645 0.0064516129032258064 0.025806451612903226 0.0 
0.04545454545454546 0.027272727272727275 0.009090909090909092 0.03636363636363637 0.05454545454545455 0.018181818181818184 0.027272727272727275 0.04545454545454546 0.03636363636363637 0.009090909090909092 0.06363636363636364 0.009090909090909092 0.07272727272727274 0.027272727272727275 0.08181818181818183 0.03636363636363637 0.009090909090909092 0.08181818181818183 0.04545454545454546 0.027272727272727275 0.09090909090909093 0.009090909090909092 0.03636363636363637 0.08181818181818183 0.018181818181818184 0.0 
0.03937007874015748 0.031496062992125984 0.031496062992125984 0.05511811023622047 0.06299212598425197 0.031496062992125984 0.047244094488188976 0.031496062992125984 0.023622047244094488 0.03937007874015748 0.03937007874015748 0.007874015748031496 0.031496062992125984 0.031496062992125984 0.07086614173228346 0.031496062992125984 0.047244094488188976 0.05511811023622047 0.06299212598425197 0.047244094488188976 0.015748031496062992 0.06299212598425197 0.007874015748031496 0.023622047244094488 0.07086614173228346 0.0 
0.024390243902439025 0.016260162601626018 0.04065040650406504 0.008130081300813009 0.04065040650406504 0.016260162601626018 0.06504065040650407 0.032520325203252036 0.016260162601626018 0.056910569105691054 0.056910569105691054 0.08130081300813008 0.056910569105691054 0.08130081300813008 0.056910569105691054 0.008130081300813009 0.008130081300813009 0.024390243902439025 0.08130081300813008 0.056910569105691054 0.008130081300813009 0.056910569105691054 0.06504065040650407 0.008130081300813009 0.032520325203252036 0.0 
0.060606060606060594 0.006060606060606059 0.024242424242424235 0.030303030303030297 0.04848484848484847 0.036363636363636355 0.024242424242424235 0.05454545454545453 0.05454545454545453 0.006060606060606059 0.04242424242424242 0.04848484848484847 0.060606060606060594 0.036363636363636355 0.030303030303030297 0.060606060606060594 0.036363636363636355 0.018181818181818177 0.036363636363636355 0.04242424242424242 0.04242424242424242 0.05454545454545453 0.04848484848484847 0.04848484848484847 0.04848484848484847 0.0 
0.023622047244094488 0.05511811023622047 0.007874015748031496 0.047244094488188976 0.023622047244094488 0.015748031496062992 0.07086614173228346 0.047244094488188976 0.07874015748031496 0.03937007874015748 0.07874015748031496 0.015748031496062992 0.023622047244094488 0.007874015748031496 0.03937007874015748 0.06299212598425197 0.007874015748031496 0.05511811023622047 0.023622047244094488 0.03937007874015748 0.031496062992125984 0.05511811023622047 0.06299212598425197 0.05511811023622047 0.031496062992125984 0.0 
0.006535947712418302 0.04575163398692811 0.03267973856209151 0.052287581699346414 0.04575163398692811 0.019607843137254905 0.06535947712418302 0.03921568627450981 0.06535947712418302 0.06535947712418302 0.06535947712418302 0.05882352941176471 0.04575163398692811 0.03267973856209151 0.019607843137254905 0.06535947712418302 0.03267973856209151 0.006535947712418302 0.006535947712418302 0.026143790849673207 0.03267973856209151 0.06535947712418302 0.026143790849673207 0.06535947712418302 0.013071895424836603 0.0 
0.021276595744680854 0.04255319148936171 0.03546099290780143 0.007092198581560284 0.06382978723404256 0.021276595744680854 0.028368794326241138 0.07092198581560286 0.07092198581560286 0.03546099290780143 0.03546099290780143 0.06382978723404256 0.021276595744680854 0.014184397163120569 0.049645390070921995 0.028368794326241138 0.06382978723404256 0.07092198581560286 0.056737588652482275 0.007092198581560284 0.04255319148936171 0.021276595744680854 0.021276595744680854 0.06382978723404256 0.04255319148936171 0.0 
0.007874015748031498 0.04724409448818898 0.07874015748031497 0.07086614173228348 0.05511811023622048 0.05511811023622048 0.007874015748031498 0.03937007874015749 0.06299212598425198 0.03149606299212599 0.007874015748031498 0.015748031496062995 0.05511811023622048 0.007874015748031498 0.05511811023622048 0.015748031496062995 0.05511811023622048 0.03937007874015749 0.02362204724409449 0.04724409448818898 0.03937007874015749 0.05511811023622048 0.02362204724409449 0.07874015748031497 0.02362204724409449 0.0 
0.05194805194805195 0.03896103896103896 0.006493506493506494 0.05194805194805195 0.05844155844155844 0.05844155844155844 0.05844155844155844 0.006493506493506494 0.05194805194805195 0.01948051948051948 0.006493506493506494 0.05194805194805195 0.012987012987012988 0.012987012987012988 0.06493506493506493 0.03896103896103896 0.012987012987012988 0.03896103896103896 0.06493506493506493 0.045454545454545456 0.032467532467532464 0.06493506493506493 0.05844155844155844 0.05194805194805195 0.03896103896103896 0.0 
0.018181818181818188 0.08181818181818186 0.009090909090909094 0.054545454545454564 0.036363636363636376 0.09090909090909095 0.009090909090909094 0.04545454545454548 0.08181818181818186 0.06363636363636366 0.027272727272727282 0.04545454545454548 0.036363636363636376 0.027272727272727282 0.009090909090909094 0.009090909090909094 0.04545454545454548 0.027272727272727282 0.054545454545454564 0.009090909090909094 0.009090909090909094 0.036363636363636376 0.08181818181818186 0.054545454545454564 0.036363636363636376 0.0 
0.01449275362318841 0.03623188405797102 0.05797101449275364 0.02898550724637682 0.02173913043478261 0.02173913043478261 0.02173913043478261 0.05072463768115944 0.05072463768115944 0.007246376811594205 0.01449275362318841 0.04347826086956522 0.05072463768115944 0.04347826086956522 0.06521739130434784 0.06521739130434784 0.04347826086956522 0.04347826086956522 0.05797101449275364 0.04347826086956522 0.07246376811594205 0.01449275362318841 0.02898550724637682 0.07246376811594205 0.02898550724637682 0.0 
0.031007751937984496 0.031007751937984496 0.05426356589147287 0.015503875968992248 0.031007751937984496 0.007751937984496124 0.046511627906976744 0.007751937984496124 0.046511627906976744 0.023255813953488372 0.06201550387596899 0.05426356589147287 0.03875968992248062 0.007751937984496124 0.023255813953488372 0.03875968992248062 0.06976744186046512 0.06201550387596899 0.05426356589147287 0.06201550387596899 0.06201550387596899 0.015503875968992248 0.06201550387596899 0.06201550387596899 0.031007751937984496 0.0 
0.0697674418604651 0.03100775193798449 0.007751937984496122 0.054263565891472854 0.03100775193798449 0.007751937984496122 0.054263565891472854 0.04651162790697674 0.07751937984496123 0.054263565891472854 0.03875968992248061 0.054263565891472854 0.054263565891472854 0.02325581395348837 0.02325581395348837 0.03875968992248061 0.015503875968992244 0.02325581395348837 0.03100775193798449 0.07751937984496123 0.03100775193798449 0.054263565891472854 0.06201550387596898 0.007751937984496122 0.03100775193798449 0.0 
0.03149606299212599 0.055118110236220486 0.07086614173228348 0.055118110236220486 0.04724409448818899 0.015748031496062995 0.03149606299212599 0.023622047244094495 0.055118110236220486 0.03149606299212599 0.055118110236220486 0.06299212598425198 0.023622047244094495 0.07086614173228348 0.007874015748031498 0.015748031496062995 0.07086614173228348 0.055118110236220486 0.007874015748031498 0.007874015748031498 0.015748031496062995 0.023622047244094495 0.06299212598425198 0.06299212598425198 0.03937007874015749 0.0 
0.03937007874015748 0.007874015748031496 0.015748031496062992 0.007874015748031496 0.07086614173228346 0.047244094488188976 0.05511811023622047 0.023622047244094488 0.047244094488188976 0.03937007874015748 0.031496062992125984 0.007874015748031496 0.05511811023622047 0.023622047244094488 0.015748031496062992 0.07874015748031496 0.03937007874015748 0.03937007874015748 0.007874015748031496 0.07874015748031496 0.07086614173228346 0.06299212598425197 0.06299212598425197 0.05511811023622047 0.015748031496062992 0.0 
0.06060606060606062 0.02272727272727273 0.03787878787878789 0.04545454545454546 0.053030303030303046 0.06060606060606062 0.02272727272727273 0.007575757575757578 0.04545454545454546 0.02272727272727273 0.06060606060606062 0.07575757575757577 0.07575757575757577 0.06060606060606062 0.015151515151515155 0.015151515151515155 0.03787878787878789 0.053030303030303046 0.04545454545454546 0.053030303030303046 0.03787878787878789 0.015151515151515155 0.015151515151515155 0.04545454545454546 0.015151515151515155 0.0 
0.027027027027027032 0.06306306306306307 0.027027027027027032 0.03603603603603604 0.03603603603603604 0.027027027027027032 0.03603603603603604 0.00900900900900901 0.00900900900900901 0.01801801801801802 0.054054054054054064 0.00900900900900901 0.054054054054054064 0.0810810810810811 0.0810810810810811 0.00900900900900901 0.00900900900900901 0.00900900900900901 0.0900900900900901 0.0810810810810811 0.054054054054054064 0.0900900900900901 0.03603603603603604 0.04504504504504505 0.00900900900900901 0.0 
0.0746268656716418 0.06716417910447763 0.052238805970149266 0.029850746268656723 0.0746268656716418 0.0746268656716418 0.007462686567164181 0.06716417910447763 0.014925373134328361 0.052238805970149266 0.052238805970149266 0.014925373134328361 0.029850746268656723 0.059701492537313446 0.029850746268656723 0.02238805970149254 0.029850746268656723 0.007462686567164181 0.02238805970149254 0.06716417910447763 0.02238805970149254 0.0746268656716418 0.007462686567164181 0.014925373134328361 0.029850746268656723 0.0 
1.0 0.0 0.0 0.0 0.0 0.0 0.0 0.0 0.0 0.0 0.0 0.0 0.0 0.0 0.0 0.0 0.0 0.0 0.0 0.0 0.0 0.0 0.0 0.0 0.0 0.0 

emissions
1 1 1 1 1 1 1 1 1 1 1 1 1 1 1 1 1 1 1 1 1 1 1 1 0 0 
0 0 0 0 0 0 0 0 0 0 0 0 0 0 0 0 0 0 0 0 0 0 0 0 0 1 
0 0 0 0 0 0 0 0 0 0 0 0 0 0 0 0 0 0 0 0 0 0 0 0 1 0 
