MC
['empty', 'empty', 'empty', 'empty', 'empty', 'empty', 'empty', 'empty', 'empty', 'empty', 'empty', 'empty', 'empty', 'empty', 'empty', 'empty', 'empty', 'empty', 'empty', 'empty', 'empty', 'empty', 'empty', 'empty', 'elected', 'init']
MC_random_25_states
[0.0, 0.0, 0.0, 0.0, 0.0, 0.0, 0.0, 0.0, 0.0, 0.0, 0.0, 0.0, 0.0, 0.0, 0.0, 0.0, 0.0, 0.0, 0.0, 0.0, 0.0, 0.0, 0.0, 0.0, 0.0, 1.0]
[[0.060810810810810814, 0.060810810810810814, 0.0472972972972973, 0.02027027027027027, 0.060810810810810814, 0.05405405405405406, 0.02027027027027027, 0.013513513513513514, 0.04054054054054054, 0.033783783783783786, 0.033783783783783786, 0.04054054054054054, 0.05405405405405406, 0.02702702702702703, 0.0472972972972973, 0.033783783783783786, 0.02702702702702703, 0.05405405405405406, 0.0472972972972973, 0.013513513513513514, 0.02702702702702703, 0.04054054054054054, 0.060810810810810814, 0.033783783783783786, 0.0472972972972973, 0.0], [0.027972027972027972, 0.06993006993006994, 0.02097902097902098, 0.006993006993006993, 0.03496503496503497, 0.02097902097902098, 0.03496503496503497, 0.013986013986013986, 0.055944055944055944, 0.06293706293706294, 0.02097902097902098, 0.06993006993006994, 0.06293706293706294, 0.055944055944055944, 0.013986013986013986, 0.04895104895104895, 0.06293706293706294, 0.04195804195804196, 0.06993006993006994, 0.06993006993006994, 0.06993006993006994, 0.027972027972027972, 0.006993006993006993, 0.006993006993006993, 0.02097902097902098, 0.0], [0.05921052631578947, 0.05921052631578947, 0.019736842105263157, 0.06578947368421052, 0.046052631578947366, 0.039473684210526314, 0.046052631578947366, 0.046052631578947366, 0.046052631578947366, 0.02631578947368421, 0.05921052631578947, 0.019736842105263157, 0.013157894736842105, 0.03289473684210526, 0.05921052631578947, 0.013157894736842105, 0.046052631578947366, 0.06578947368421052, 0.039473684210526314, 0.013157894736842105, 0.019736842105263157, 0.03289473684210526, 0.05263157894736842, 0.046052631578947366, 0.03289473684210526, 0.0], [0.04580152671755725, 0.06870229007633588, 0.030534351145038167, 0.007633587786259542, 0.007633587786259542, 0.04580152671755725, 0.061068702290076333, 0.04580152671755725, 0.007633587786259542, 0.06870229007633588, 0.05343511450381679, 0.04580152671755725, 0.015267175572519083, 0.061068702290076333, 0.03816793893129771, 0.030534351145038167, 0.05343511450381679, 0.015267175572519083, 0.03816793893129771, 0.007633587786259542, 0.06870229007633588, 0.04580152671755725, 0.03816793893129771, 0.022900763358778626, 0.07633587786259542, 0.0], [0.064, 0.016, 0.08, 0.024, 0.016, 0.008, 0.064, 0.016, 0.072, 0.08, 0.008, 0.064, 0.008, 0.048, 0.024, 0.048, 0.016, 0.032, 0.032, 0.016, 0.072, 0.056, 0.072, 0.016, 0.048, 0.0], [0.056338028169014086, 0.007042253521126761, 0.07042253521126761, 0.014084507042253521, 0.04225352112676056, 0.07042253521126761, 0.02112676056338028, 0.007042253521126761, 0.007042253521126761, 0.035211267605633804, 0.04929577464788732, 0.028169014084507043, 0.014084507042253521, 0.06338028169014084, 0.04225352112676056, 0.07042253521126761, 0.04225352112676056, 0.035211267605633804, 0.02112676056338028, 0.056338028169014086, 0.06338028169014084, 0.056338028169014086, 0.028169014084507043, 0.035211267605633804, 0.06338028169014084, 0.0], [0.05223880597014925, 0.029850746268656716, 0.06716417910447761, 0.06716417910447761, 0.04477611940298507, 0.014925373134328358, 0.029850746268656716, 0.029850746268656716, 0.029850746268656716, 0.022388059701492536, 0.05223880597014925, 0.04477611940298507, 0.04477611940298507, 0.022388059701492536, 0.04477611940298507, 0.05223880597014925, 0.014925373134328358, 0.04477611940298507, 0.007462686567164179, 0.04477611940298507, 0.03731343283582089, 0.06716417910447761, 0.029850746268656716, 0.05970149253731343, 0.04477611940298507, 0.0], [0.07194244604316546, 0.03597122302158273, 0.04316546762589928, 0.02158273381294964, 0.050359712230215826, 0.007194244604316547, 0.04316546762589928, 0.05755395683453238, 0.014388489208633094, 0.050359712230215826, 0.05755395683453238, 0.007194244604316547, 0.014388489208633094, 0.02158273381294964, 0.03597122302158273, 0.007194244604316547, 0.050359712230215826, 0.050359712230215826, 0.06474820143884892, 0.050359712230215826, 0.07194244604316546, 0.04316546762589928, 0.014388489208633094, 0.04316546762589928, 0.07194244604316546, 0.0], [0.03787878787878788, 0.07575757575757576, 0.06818181818181818, 0.030303030303030304, 0.03787878787878788, 0.05303030303030303, 0.022727272727272728, 0.03787878787878788, 0.06060606060606061, 0.045454545454545456, 0.015151515151515152, 0.030303030303030304, 0.06060606060606061, 0.03787878787878788, 0.045454545454545456, 0.015151515151515152, 0.022727272727272728, 0.030303030303030304, 0.05303030303030303, 0.015151515151515152, 0.022727272727272728, 0.07575757575757576, 0.05303030303030303, 0.007575757575757576, 0.045454545454545456, 0.0], [0.028169014084507043, 0.04225352112676056, 0.02112676056338028, 0.06338028169014084, 0.07042253521126761, 0.056338028169014086, 0.028169014084507043, 0.007042253521126761, 0.035211267605633804, 0.04929577464788732, 0.02112676056338028, 0.056338028169014086, 0.07042253521126761, 0.028169014084507043, 0.014084507042253521, 0.014084507042253521, 0.07042253521126761, 0.07042253521126761, 0.007042253521126761, 0.06338028169014084, 0.007042253521126761, 0.06338028169014084, 0.04225352112676056, 0.028169014084507043, 0.04225352112676056, 0.0], [0.08823529411764706, 0.0392156862745098, 0.06862745098039216, 0.0196078431372549, 0.06862745098039216, 0.0196078431372549, 0.029411764705882353, 0.0196078431372549, 0.029411764705882353, 0.06862745098039216, 0.06862745098039216, 0.0196078431372549, 0.0392156862745098, 0.0392156862745098, 0.029411764705882353, 0.0392156862745098, 0.029411764705882353, 0.0392156862745098, 0.0392156862745098, 0.00980392156862745, 0.058823529411764705, 0.0196078431372549, 0.029411764705882353, 0.0196078431372549, 0.06862745098039216, 0.0], [0.024, 0.016, 0.032, 0.056, 0.032, 0.08, 0.008, 0.04, 0.024, 0.064, 0.048, 0.048, 0.032, 0.08, 0.016, 0.072, 0.016, 0.04, 0.056, 0.024, 0.056, 0.064, 0.048, 0.008, 0.016, 0.0], [0.046875, 0.0546875, 0.078125, 0.0703125, 0.0703125, 0.0234375, 0.0546875, 0.0078125, 0.0546875, 0.0078125, 0.0390625, 0.03125, 0.03125, 0.0625, 0.0078125, 0.078125, 0.0234375, 0.0234375, 0.03125, 0.046875, 0.0546875, 0.0078125, 0.0546875, 0.0078125, 0.03125, 0.0], [0.05128205128205128, 0.02564102564102564, 0.057692307692307696, 0.00641025641025641, 0.02564102564102564, 0.057692307692307696, 0.038461538461538464, 0.05128205128205128, 0.038461538461538464, 0.05128205128205128, 0.03205128205128205, 0.01282051282051282, 0.00641025641025641, 0.04487179487179487, 0.05128205128205128, 0.05128205128205128, 0.057692307692307696, 0.03205128205128205, 0.0641025641025641, 0.019230769230769232, 0.05128205128205128, 0.038461538461538464, 0.0641025641025641, 0.02564102564102564, 0.04487179487179487, 0.0], [0.03816793893129771, 0.007633587786259542, 0.05343511450381679, 0.015267175572519083, 0.06870229007633588, 0.04580152671755725, 0.015267175572519083, 0.007633587786259542, 0.04580152671755725, 0.007633587786259542, 0.07633587786259542, 0.06870229007633588, 0.022900763358778626, 0.05343511450381679, 0.07633587786259542, 0.07633587786259542, 0.06870229007633588, 0.022900763358778626, 0.03816793893129771, 0.015267175572519083, 0.015267175572519083, 0.022900763358778626, 0.022900763358778626, 0.05343511450381679, 0.061068702290076333, 0.0], [0.06944444444444445, 0.0625, 0.027777777777777776, 0.06944444444444445, 0.034722222222222224, 0.0625, 0.034722222222222224, 0.006944444444444444, 0.006944444444444444, 0.034722222222222224, 0.05555555555555555, 0.041666666666666664, 0.06944444444444445, 0.020833333333333332, 0.06944444444444445, 0.04861111111111111, 0.006944444444444444, 0.027777777777777776, 0.04861111111111111, 0.0625, 0.020833333333333332, 0.013888888888888888, 0.006944444444444444, 0.05555555555555555, 0.041666666666666664, 0.0], [0.052980132450331126, 0.046357615894039736, 0.06622516556291391, 0.026490066225165563, 0.006622516556291391, 0.033112582781456956, 0.06622516556291391, 0.006622516556291391, 0.019867549668874173, 0.006622516556291391, 0.06622516556291391, 0.033112582781456956, 0.052980132450331126, 0.033112582781456956, 0.046357615894039736, 0.039735099337748346, 0.06622516556291391, 0.039735099337748346, 0.039735099337748346, 0.06622516556291391, 0.019867549668874173, 0.046357615894039736, 0.019867549668874173, 0.06622516556291391, 0.033112582781456956, 0.0], [0.0072992700729927005, 0.072992700729927, 0.06569343065693431, 0.021897810218978103, 0.014598540145985401, 0.051094890510948905, 0.014598540145985401, 0.072992700729927, 0.029197080291970802, 0.072992700729927, 0.021897810218978103, 0.021897810218978103, 0.06569343065693431, 0.021897810218978103, 0.043795620437956206, 0.021897810218978103, 0.072992700729927, 0.051094890510948905, 0.051094890510948905, 0.043795620437956206, 0.0072992700729927005, 0.043795620437956206, 0.029197080291970802, 0.072992700729927, 0.0072992700729927005, 0.0], [0.056338028169014086, 0.04929577464788732, 0.04225352112676056, 0.056338028169014086, 0.007042253521126761, 0.014084507042253521, 0.07042253521126761, 0.014084507042253521, 0.04929577464788732, 0.007042253521126761, 0.02112676056338028, 0.014084507042253521, 0.04929577464788732, 0.04225352112676056, 0.04225352112676056, 0.04225352112676056, 0.06338028169014084, 0.07042253521126761, 0.014084507042253521, 0.035211267605633804, 0.014084507042253521, 0.04225352112676056, 0.07042253521126761, 0.07042253521126761, 0.04225352112676056, 0.0], [0.03007518796992481, 0.03759398496240601, 0.007518796992481203, 0.03007518796992481, 0.045112781954887216, 0.07518796992481203, 0.06015037593984962, 0.06766917293233082, 0.05263157894736842, 0.015037593984962405, 0.022556390977443608, 0.007518796992481203, 0.07518796992481203, 0.015037593984962405, 0.007518796992481203, 0.015037593984962405, 0.045112781954887216, 0.03759398496240601, 0.022556390977443608, 0.06766917293233082, 0.015037593984962405, 0.07518796992481203, 0.06766917293233082, 0.05263157894736842, 0.05263157894736842, 0.0], [0.045454545454545456, 0.02727272727272727, 0.02727272727272727, 0.03636363636363636, 0.07272727272727272, 0.045454545454545456, 0.03636363636363636, 0.00909090909090909, 0.02727272727272727, 0.01818181818181818, 0.05454545454545454, 0.02727272727272727, 0.02727272727272727, 0.00909090909090909, 0.03636363636363636, 0.09090909090909091, 0.05454545454545454, 0.01818181818181818, 0.08181818181818182, 0.02727272727272727, 0.08181818181818182, 0.01818181818181818, 0.00909090909090909, 0.09090909090909091, 0.02727272727272727, 0.0], [0.04081632653061224, 0.02040816326530612, 0.034013605442176874, 0.047619047619047616, 0.04081632653061224, 0.027210884353741496, 0.047619047619047616, 0.06802721088435375, 0.027210884353741496, 0.006802721088435374, 0.061224489795918366, 0.034013605442176874, 0.006802721088435374, 0.02040816326530612, 0.013605442176870748, 0.04081632653061224, 0.04081632653061224, 0.034013605442176874, 0.061224489795918366, 0.061224489795918366, 0.061224489795918366, 0.047619047619047616, 0.04081632653061224, 0.061224489795918366, 0.05442176870748299, 0.0], [0.03424657534246575, 0.0136986301369863, 0.0136986301369863, 0.02054794520547945, 0.0547945205479452, 0.0684931506849315, 0.04794520547945205, 0.06164383561643835, 0.0684931506849315, 0.04794520547945205, 0.0547945205479452, 0.0547945205479452, 0.0547945205479452, 0.0273972602739726, 0.06164383561643835, 0.03424657534246575, 0.00684931506849315, 0.0684931506849315, 0.03424657534246575, 0.03424657534246575, 0.02054794520547945, 0.00684931506849315, 0.0547945205479452, 0.03424657534246575, 0.02054794520547945, 0.0], [0.048, 0.048, 0.016, 0.008, 0.008, 0.072, 0.016, 0.016, 0.032, 0.008, 0.024, 0.072, 0.08, 0.008, 0.048, 0.024, 0.08, 0.064, 0.072, 0.024, 0.032, 0.024, 0.024, 0.08, 0.072, 0.0], [0.029850746268656716, 0.007462686567164179, 0.014925373134328358, 0.05970149253731343, 0.06716417910447761, 0.04477611940298507, 0.007462686567164179, 0.05970149253731343, 0.03731343283582089, 0.022388059701492536, 0.06716417910447761, 0.029850746268656716, 0.022388059701492536, 0.029850746268656716, 0.014925373134328358, 0.05970149253731343, 0.029850746268656716, 0.04477611940298507, 0.05970149253731343, 0.05970149253731343, 0.07462686567164178, 0.03731343283582089, 0.05223880597014925, 0.029850746268656716, 0.03731343283582089, 0.0], [1.0, 0.0, 0.0, 0.0, 0.0, 0.0, 0.0, 0.0, 0.0, 0.0, 0.0, 0.0, 0.0, 0.0, 0.0, 0.0, 0.0, 0.0, 0.0, 0.0, 0.0, 0.0, 0.0, 0.0, 0.0, 0.0]]
