states
0 1 2 3 4 5 6 7 8 9 10 11 12 13 14 15 16 17 18 19 20 21 22 23 24 25 
labels
empty init elected 
initial
0.0 0.0 0.0 0.0 0.0 0.0 0.0 0.0 0.0 0.0 0.0 0.0 0.0 0.0 0.0 0.0 0.0 0.0 0.0 0.0 0.0 0.0 0.0 0.0 0.0 1.0
transitions
0.0375 0.00625 0.025 0.025 0.05 0.0625 0.025 0.0375 0.01875 0.03125 0.05 0.04375 0.05625 0.05625 0.0125 0.04375 0.05 0.05 0.05625 0.0125 0.0375 0.0625 0.05625 0.0625 0.03125 0.0 
0.03636363636363637 0.009090909090909092 0.03636363636363637 0.05454545454545455 0.009090909090909092 0.027272727272727275 0.03636363636363637 0.08181818181818183 0.018181818181818184 0.03636363636363637 0.03636363636363637 0.03636363636363637 0.07272727272727274 0.009090909090909092 0.018181818181818184 0.09090909090909093 0.09090909090909093 0.009090909090909092 0.04545454545454546 0.07272727272727274 0.03636363636363637 0.027272727272727275 0.07272727272727274 0.027272727272727275 0.009090909090909092 0.0 
0.006896551724137929 0.03448275862068965 0.04137931034482758 0.04137931034482758 0.0482758620689655 0.062068965517241365 0.03448275862068965 0.013793103448275858 0.03448275862068965 0.0689655172413793 0.062068965517241365 0.013793103448275858 0.013793103448275858 0.055172413793103434 0.0689655172413793 0.0689655172413793 0.027586206896551717 0.0482758620689655 0.055172413793103434 0.02068965517241379 0.006896551724137929 0.027586206896551717 0.04137931034482758 0.0689655172413793 0.03448275862068965 0.0 
0.04237288135593221 0.05932203389830509 0.04237288135593221 0.04237288135593221 0.03389830508474577 0.04237288135593221 0.04237288135593221 0.07627118644067798 0.04237288135593221 0.03389830508474577 0.06779661016949154 0.050847457627118654 0.050847457627118654 0.008474576271186442 0.016949152542372885 0.050847457627118654 0.08474576271186442 0.03389830508474577 0.008474576271186442 0.050847457627118654 0.008474576271186442 0.016949152542372885 0.025423728813559327 0.04237288135593221 0.025423728813559327 0.0 
0.008403361344537813 0.03361344537815125 0.02521008403361344 0.008403361344537813 0.0672268907563025 0.05042016806722688 0.08403361344537814 0.008403361344537813 0.02521008403361344 0.0672268907563025 0.02521008403361344 0.08403361344537814 0.02521008403361344 0.03361344537815125 0.03361344537815125 0.02521008403361344 0.03361344537815125 0.04201680672268907 0.016806722689075626 0.02521008403361344 0.08403361344537814 0.016806722689075626 0.04201680672268907 0.05882352941176469 0.07563025210084032 0.0 
0.02439024390243903 0.03252032520325204 0.00813008130081301 0.00813008130081301 0.05691056910569106 0.00813008130081301 0.05691056910569106 0.03252032520325204 0.03252032520325204 0.07317073170731708 0.07317073170731708 0.07317073170731708 0.02439024390243903 0.03252032520325204 0.02439024390243903 0.00813008130081301 0.07317073170731708 0.07317073170731708 0.03252032520325204 0.07317073170731708 0.02439024390243903 0.07317073170731708 0.04065040650406505 0.03252032520325204 0.00813008130081301 0.0 
0.030303030303030297 0.024242424242424235 0.04242424242424242 0.060606060606060594 0.05454545454545453 0.006060606060606059 0.05454545454545453 0.036363636363636355 0.060606060606060594 0.006060606060606059 0.060606060606060594 0.04242424242424242 0.036363636363636355 0.024242424242424235 0.012121212121212118 0.05454545454545453 0.006060606060606059 0.030303030303030297 0.060606060606060594 0.04242424242424242 0.036363636363636355 0.04848484848484847 0.05454545454545453 0.05454545454545453 0.060606060606060594 0.0 
0.02 0.06 0.04666666666666667 0.04666666666666667 0.06666666666666667 0.013333333333333334 0.04666666666666667 0.06 0.06 0.02666666666666667 0.02 0.02666666666666667 0.04666666666666667 0.02666666666666667 0.04666666666666667 0.04 0.05333333333333334 0.006666666666666667 0.06 0.03333333333333333 0.04666666666666667 0.04 0.06 0.02 0.02666666666666667 0.0 
0.06451612903225805 0.05161290322580644 0.038709677419354833 0.02580645161290322 0.032258064516129024 0.038709677419354833 0.02580645161290322 0.02580645161290322 0.05161290322580644 0.06451612903225805 0.06451612903225805 0.06451612903225805 0.05161290322580644 0.02580645161290322 0.019354838709677417 0.02580645161290322 0.06451612903225805 0.05161290322580644 0.05161290322580644 0.038709677419354833 0.01290322580645161 0.019354838709677417 0.019354838709677417 0.05806451612903225 0.01290322580645161 0.0 
0.05128205128205128 0.07692307692307693 0.042735042735042736 0.008547008547008548 0.02564102564102564 0.05128205128205128 0.05128205128205128 0.008547008547008548 0.07692307692307693 0.017094017094017096 0.017094017094017096 0.008547008547008548 0.03418803418803419 0.07692307692307693 0.07692307692307693 0.042735042735042736 0.042735042735042736 0.008547008547008548 0.08547008547008547 0.03418803418803419 0.06837606837606838 0.03418803418803419 0.02564102564102564 0.017094017094017096 0.017094017094017096 0.0 
0.02158273381294964 0.014388489208633094 0.03597122302158273 0.02158273381294964 0.04316546762589928 0.04316546762589928 0.04316546762589928 0.02158273381294964 0.04316546762589928 0.05755395683453238 0.05755395683453238 0.050359712230215826 0.014388489208633094 0.050359712230215826 0.05755395683453238 0.02158273381294964 0.02877697841726619 0.014388489208633094 0.07194244604316546 0.04316546762589928 0.07194244604316546 0.07194244604316546 0.02158273381294964 0.007194244604316547 0.07194244604316546 0.0 
0.013888888888888888 0.06944444444444445 0.006944444444444444 0.04861111111111111 0.006944444444444444 0.034722222222222224 0.0625 0.034722222222222224 0.027777777777777776 0.027777777777777776 0.0625 0.0625 0.05555555555555555 0.006944444444444444 0.027777777777777776 0.0625 0.05555555555555555 0.05555555555555555 0.013888888888888888 0.0625 0.034722222222222224 0.05555555555555555 0.006944444444444444 0.034722222222222224 0.06944444444444445 0.0 
0.007751937984496122 0.054263565891472854 0.03875968992248061 0.02325581395348837 0.03875968992248061 0.054263565891472854 0.03100775193798449 0.03100775193798449 0.06201550387596898 0.0697674418604651 0.04651162790697674 0.007751937984496122 0.0697674418604651 0.04651162790697674 0.03875968992248061 0.06201550387596898 0.03875968992248061 0.015503875968992244 0.03100775193798449 0.03100775193798449 0.07751937984496123 0.02325581395348837 0.04651162790697674 0.02325581395348837 0.03100775193798449 0.0 
0.037267080745341616 0.049689440993788817 0.018633540372670808 0.049689440993788817 0.012422360248447204 0.043478260869565216 0.037267080745341616 0.006211180124223602 0.006211180124223602 0.024844720496894408 0.012422360248447204 0.062111801242236024 0.062111801242236024 0.043478260869565216 0.043478260869565216 0.049689440993788817 0.055900621118012424 0.055900621118012424 0.049689440993788817 0.006211180124223602 0.055900621118012424 0.043478260869565216 0.055900621118012424 0.062111801242236024 0.055900621118012424 0.0 
0.027972027972027972 0.04895104895104895 0.013986013986013986 0.055944055944055944 0.03496503496503497 0.06993006993006994 0.02097902097902098 0.006993006993006993 0.06293706293706294 0.02097902097902098 0.055944055944055944 0.06293706293706294 0.03496503496503497 0.03496503496503497 0.013986013986013986 0.055944055944055944 0.04895104895104895 0.06993006993006994 0.03496503496503497 0.013986013986013986 0.04195804195804196 0.06993006993006994 0.055944055944055944 0.013986013986013986 0.027972027972027972 0.0 
0.04799999999999999 0.06399999999999999 0.031999999999999994 0.05599999999999999 0.05599999999999999 0.06399999999999999 0.07999999999999999 0.015999999999999997 0.07999999999999999 0.05599999999999999 0.007999999999999998 0.031999999999999994 0.07199999999999998 0.039999999999999994 0.015999999999999997 0.039999999999999994 0.04799999999999999 0.007999999999999998 0.031999999999999994 0.015999999999999997 0.039999999999999994 0.039999999999999994 0.039999999999999994 0.007999999999999998 0.007999999999999998 0.0 
0.0703125 0.0390625 0.0546875 0.078125 0.03125 0.03125 0.0234375 0.015625 0.0234375 0.015625 0.03125 0.0390625 0.015625 0.015625 0.0078125 0.0625 0.0703125 0.0390625 0.03125 0.046875 0.0546875 0.03125 0.0234375 0.078125 0.0703125 0.0 
0.014184397163120567 0.03546099290780142 0.0070921985815602835 0.06382978723404255 0.028368794326241134 0.07092198581560284 0.0425531914893617 0.0425531914893617 0.014184397163120567 0.05673758865248227 0.06382978723404255 0.04964539007092199 0.03546099290780142 0.05673758865248227 0.028368794326241134 0.0425531914893617 0.028368794326241134 0.04964539007092199 0.03546099290780142 0.05673758865248227 0.028368794326241134 0.0070921985815602835 0.0425531914893617 0.07092198581560284 0.028368794326241134 0.0 
0.057971014492753624 0.043478260869565216 0.043478260869565216 0.06521739130434782 0.007246376811594203 0.06521739130434782 0.028985507246376812 0.050724637681159424 0.07246376811594203 0.028985507246376812 0.021739130434782608 0.057971014492753624 0.007246376811594203 0.028985507246376812 0.007246376811594203 0.028985507246376812 0.050724637681159424 0.014492753623188406 0.07246376811594203 0.021739130434782608 0.07246376811594203 0.036231884057971016 0.07246376811594203 0.014492753623188406 0.028985507246376812 0.0 
0.02083333333333333 0.03472222222222222 0.06944444444444443 0.05555555555555554 0.03472222222222222 0.06944444444444443 0.03472222222222222 0.013888888888888885 0.02083333333333333 0.05555555555555554 0.02083333333333333 0.02777777777777777 0.06944444444444443 0.05555555555555554 0.0486111111111111 0.0486111111111111 0.02083333333333333 0.02777777777777777 0.0486111111111111 0.006944444444444442 0.062499999999999986 0.006944444444444442 0.05555555555555554 0.0486111111111111 0.04166666666666666 0.0 
0.07874015748031497 0.055118110236220486 0.04724409448818899 0.023622047244094495 0.06299212598425198 0.015748031496062995 0.07874015748031497 0.023622047244094495 0.023622047244094495 0.04724409448818899 0.055118110236220486 0.03937007874015749 0.023622047244094495 0.023622047244094495 0.015748031496062995 0.007874015748031498 0.07874015748031497 0.007874015748031498 0.023622047244094495 0.07086614173228348 0.03149606299212599 0.007874015748031498 0.07086614173228348 0.07086614173228348 0.015748031496062995 0.0 
0.007092198581560284 0.04255319148936171 0.06382978723404256 0.021276595744680854 0.028368794326241138 0.04255319148936171 0.028368794326241138 0.06382978723404256 0.049645390070921995 0.03546099290780143 0.049645390070921995 0.028368794326241138 0.049645390070921995 0.021276595744680854 0.049645390070921995 0.04255319148936171 0.04255319148936171 0.07092198581560286 0.03546099290780143 0.049645390070921995 0.04255319148936171 0.014184397163120569 0.028368794326241138 0.028368794326241138 0.06382978723404256 0.0 
0.06578947368421054 0.03947368421052632 0.03947368421052632 0.04605263157894737 0.006578947368421053 0.06578947368421054 0.052631578947368425 0.03947368421052632 0.013157894736842106 0.03947368421052632 0.04605263157894737 0.04605263157894737 0.05921052631578948 0.052631578947368425 0.03947368421052632 0.026315789473684213 0.01973684210526316 0.06578947368421054 0.06578947368421054 0.026315789473684213 0.01973684210526316 0.03947368421052632 0.03289473684210527 0.013157894736842106 0.03947368421052632 0.0 
0.07199999999999997 0.03199999999999999 0.04799999999999998 0.07199999999999997 0.03999999999999998 0.015999999999999993 0.06399999999999997 0.07199999999999997 0.015999999999999993 0.02399999999999999 0.015999999999999993 0.015999999999999993 0.06399999999999997 0.04799999999999998 0.007999999999999997 0.03999999999999998 0.015999999999999993 0.015999999999999993 0.05599999999999997 0.05599999999999997 0.007999999999999997 0.02399999999999999 0.03199999999999999 0.06399999999999997 0.07999999999999996 0.0 
0.026548672566371685 0.044247787610619475 0.08849557522123895 0.008849557522123895 0.06194690265486726 0.08849557522123895 0.026548672566371685 0.044247787610619475 0.07079646017699116 0.03539823008849558 0.008849557522123895 0.05309734513274337 0.044247787610619475 0.008849557522123895 0.026548672566371685 0.03539823008849558 0.01769911504424779 0.07079646017699116 0.01769911504424779 0.03539823008849558 0.044247787610619475 0.01769911504424779 0.07079646017699116 0.044247787610619475 0.008849557522123895 0.0 
1.0 0.0 0.0 0.0 0.0 0.0 0.0 0.0 0.0 0.0 0.0 0.0 0.0 0.0 0.0 0.0 0.0 0.0 0.0 0.0 0.0 0.0 0.0 0.0 0.0 0.0 

emissions
1 1 1 1 1 1 1 1 1 1 1 1 1 1 1 1 1 1 1 1 1 1 1 1 0 0 
0 0 0 0 0 0 0 0 0 0 0 0 0 0 0 0 0 0 0 0 0 0 0 0 0 1 
0 0 0 0 0 0 0 0 0 0 0 0 0 0 0 0 0 0 0 0 0 0 0 0 1 0 
