MC
['empty', 'empty', 'empty', 'empty', 'empty', 'empty', 'empty', 'empty', 'empty', 'empty', 'empty', 'empty', 'empty', 'empty', 'empty', 'empty', 'empty', 'empty', 'empty', 'empty', 'empty', 'empty', 'empty', 'empty', 'elected', 'init']
MC_random_25_states
[0.0, 0.0, 0.0, 0.0, 0.0, 0.0, 0.0, 0.0, 0.0, 0.0, 0.0, 0.0, 0.0, 0.0, 0.0, 0.0, 0.0, 0.0, 0.0, 0.0, 0.0, 0.0, 0.0, 0.0, 0.0, 1.0]
[[0.041666666666666664, 0.0625, 0.06944444444444445, 0.041666666666666664, 0.006944444444444444, 0.006944444444444444, 0.013888888888888888, 0.05555555555555555, 0.04861111111111111, 0.06944444444444445, 0.020833333333333332, 0.034722222222222224, 0.041666666666666664, 0.020833333333333332, 0.034722222222222224, 0.020833333333333332, 0.034722222222222224, 0.05555555555555555, 0.05555555555555555, 0.06944444444444445, 0.013888888888888888, 0.05555555555555555, 0.006944444444444444, 0.04861111111111111, 0.06944444444444445, 0.0], [0.06756756756756757, 0.05405405405405406, 0.0472972972972973, 0.06756756756756757, 0.013513513513513514, 0.006756756756756757, 0.013513513513513514, 0.060810810810810814, 0.060810810810810814, 0.02702702702702703, 0.06756756756756757, 0.060810810810810814, 0.05405405405405406, 0.02702702702702703, 0.0472972972972973, 0.04054054054054054, 0.013513513513513514, 0.06756756756756757, 0.02702702702702703, 0.033783783783783786, 0.060810810810810814, 0.013513513513513514, 0.033783783783783786, 0.006756756756756757, 0.02702702702702703, 0.0], [0.06060606060606061, 0.01818181818181818, 0.006060606060606061, 0.030303030303030304, 0.06060606060606061, 0.01818181818181818, 0.048484848484848485, 0.048484848484848485, 0.06060606060606061, 0.05454545454545454, 0.04242424242424243, 0.06060606060606061, 0.024242424242424242, 0.048484848484848485, 0.048484848484848485, 0.030303030303030304, 0.03636363636363636, 0.06060606060606061, 0.024242424242424242, 0.04242424242424243, 0.05454545454545454, 0.006060606060606061, 0.01818181818181818, 0.048484848484848485, 0.048484848484848485, 0.0], [0.06756756756756757, 0.05405405405405406, 0.02702702702702703, 0.006756756756756757, 0.060810810810810814, 0.05405405405405406, 0.05405405405405406, 0.013513513513513514, 0.013513513513513514, 0.02702702702702703, 0.006756756756756757, 0.060810810810810814, 0.0472972972972973, 0.033783783783783786, 0.04054054054054054, 0.0472972972972973, 0.02027027027027027, 0.04054054054054054, 0.05405405405405406, 0.060810810810810814, 0.033783783783783786, 0.033783783783783786, 0.05405405405405406, 0.05405405405405406, 0.033783783783783786, 0.0], [0.07692307692307693, 0.007692307692307693, 0.023076923076923078, 0.007692307692307693, 0.06153846153846154, 0.015384615384615385, 0.06153846153846154, 0.07692307692307693, 0.06923076923076923, 0.038461538461538464, 0.007692307692307693, 0.015384615384615385, 0.07692307692307693, 0.06923076923076923, 0.023076923076923078, 0.03076923076923077, 0.015384615384615385, 0.023076923076923078, 0.06153846153846154, 0.023076923076923078, 0.05384615384615385, 0.007692307692307693, 0.07692307692307693, 0.023076923076923078, 0.05384615384615385, 0.0], [0.05426356589147287, 0.023255813953488372, 0.06201550387596899, 0.06201550387596899, 0.007751937984496124, 0.05426356589147287, 0.046511627906976744, 0.015503875968992248, 0.03875968992248062, 0.05426356589147287, 0.007751937984496124, 0.05426356589147287, 0.046511627906976744, 0.015503875968992248, 0.023255813953488372, 0.015503875968992248, 0.046511627906976744, 0.03875968992248062, 0.007751937984496124, 0.06201550387596899, 0.06976744186046512, 0.07751937984496124, 0.046511627906976744, 0.06201550387596899, 0.007751937984496124, 0.0], [0.06451612903225806, 0.025806451612903226, 0.06451612903225806, 0.012903225806451613, 0.03225806451612903, 0.03225806451612903, 0.04516129032258064, 0.05806451612903226, 0.05806451612903226, 0.06451612903225806, 0.01935483870967742, 0.05161290322580645, 0.03870967741935484, 0.03870967741935484, 0.03225806451612903, 0.03870967741935484, 0.05806451612903226, 0.03870967741935484, 0.05806451612903226, 0.012903225806451613, 0.012903225806451613, 0.05806451612903226, 0.05161290322580645, 0.0064516129032258064, 0.025806451612903226, 0.0], [0.045454545454545456, 0.02727272727272727, 0.00909090909090909, 0.03636363636363636, 0.05454545454545454, 0.01818181818181818, 0.02727272727272727, 0.045454545454545456, 0.03636363636363636, 0.00909090909090909, 0.06363636363636363, 0.00909090909090909, 0.07272727272727272, 0.02727272727272727, 0.08181818181818182, 0.03636363636363636, 0.00909090909090909, 0.08181818181818182, 0.045454545454545456, 0.02727272727272727, 0.09090909090909091, 0.00909090909090909, 0.03636363636363636, 0.08181818181818182, 0.01818181818181818, 0.0], [0.03937007874015748, 0.031496062992125984, 0.031496062992125984, 0.05511811023622047, 0.06299212598425197, 0.031496062992125984, 0.047244094488188976, 0.031496062992125984, 0.023622047244094488, 0.03937007874015748, 0.03937007874015748, 0.007874015748031496, 0.031496062992125984, 0.031496062992125984, 0.07086614173228346, 0.031496062992125984, 0.047244094488188976, 0.05511811023622047, 0.06299212598425197, 0.047244094488188976, 0.015748031496062992, 0.06299212598425197, 0.007874015748031496, 0.023622047244094488, 0.07086614173228346, 0.0], [0.024390243902439025, 0.016260162601626018, 0.04065040650406504, 0.008130081300813009, 0.04065040650406504, 0.016260162601626018, 0.06504065040650407, 0.032520325203252036, 0.016260162601626018, 0.056910569105691054, 0.056910569105691054, 0.08130081300813008, 0.056910569105691054, 0.08130081300813008, 0.056910569105691054, 0.008130081300813009, 0.008130081300813009, 0.024390243902439025, 0.08130081300813008, 0.056910569105691054, 0.008130081300813009, 0.056910569105691054, 0.06504065040650407, 0.008130081300813009, 0.032520325203252036, 0.0], [0.06060606060606061, 0.006060606060606061, 0.024242424242424242, 0.030303030303030304, 0.048484848484848485, 0.03636363636363636, 0.024242424242424242, 0.05454545454545454, 0.05454545454545454, 0.006060606060606061, 0.04242424242424243, 0.048484848484848485, 0.06060606060606061, 0.03636363636363636, 0.030303030303030304, 0.06060606060606061, 0.03636363636363636, 0.01818181818181818, 0.03636363636363636, 0.04242424242424243, 0.04242424242424243, 0.05454545454545454, 0.048484848484848485, 0.048484848484848485, 0.048484848484848485, 0.0], [0.023622047244094488, 0.05511811023622047, 0.007874015748031496, 0.047244094488188976, 0.023622047244094488, 0.015748031496062992, 0.07086614173228346, 0.047244094488188976, 0.07874015748031496, 0.03937007874015748, 0.07874015748031496, 0.015748031496062992, 0.023622047244094488, 0.007874015748031496, 0.03937007874015748, 0.06299212598425197, 0.007874015748031496, 0.05511811023622047, 0.023622047244094488, 0.03937007874015748, 0.031496062992125984, 0.05511811023622047, 0.06299212598425197, 0.05511811023622047, 0.031496062992125984, 0.0], [0.006535947712418301, 0.0457516339869281, 0.032679738562091505, 0.05228758169934641, 0.0457516339869281, 0.0196078431372549, 0.06535947712418301, 0.0392156862745098, 0.06535947712418301, 0.06535947712418301, 0.06535947712418301, 0.058823529411764705, 0.0457516339869281, 0.032679738562091505, 0.0196078431372549, 0.06535947712418301, 0.032679738562091505, 0.006535947712418301, 0.006535947712418301, 0.026143790849673203, 0.032679738562091505, 0.06535947712418301, 0.026143790849673203, 0.06535947712418301, 0.013071895424836602, 0.0], [0.02127659574468085, 0.0425531914893617, 0.03546099290780142, 0.0070921985815602835, 0.06382978723404255, 0.02127659574468085, 0.028368794326241134, 0.07092198581560284, 0.07092198581560284, 0.03546099290780142, 0.03546099290780142, 0.06382978723404255, 0.02127659574468085, 0.014184397163120567, 0.04964539007092199, 0.028368794326241134, 0.06382978723404255, 0.07092198581560284, 0.05673758865248227, 0.0070921985815602835, 0.0425531914893617, 0.02127659574468085, 0.02127659574468085, 0.06382978723404255, 0.0425531914893617, 0.0], [0.007874015748031496, 0.047244094488188976, 0.07874015748031496, 0.07086614173228346, 0.05511811023622047, 0.05511811023622047, 0.007874015748031496, 0.03937007874015748, 0.06299212598425197, 0.031496062992125984, 0.007874015748031496, 0.015748031496062992, 0.05511811023622047, 0.007874015748031496, 0.05511811023622047, 0.015748031496062992, 0.05511811023622047, 0.03937007874015748, 0.023622047244094488, 0.047244094488188976, 0.03937007874015748, 0.05511811023622047, 0.023622047244094488, 0.07874015748031496, 0.023622047244094488, 0.0], [0.05194805194805195, 0.03896103896103896, 0.006493506493506494, 0.05194805194805195, 0.05844155844155844, 0.05844155844155844, 0.05844155844155844, 0.006493506493506494, 0.05194805194805195, 0.01948051948051948, 0.006493506493506494, 0.05194805194805195, 0.012987012987012988, 0.012987012987012988, 0.06493506493506493, 0.03896103896103896, 0.012987012987012988, 0.03896103896103896, 0.06493506493506493, 0.045454545454545456, 0.032467532467532464, 0.06493506493506493, 0.05844155844155844, 0.05194805194805195, 0.03896103896103896, 0.0], [0.01818181818181818, 0.08181818181818182, 0.00909090909090909, 0.05454545454545454, 0.03636363636363636, 0.09090909090909091, 0.00909090909090909, 0.045454545454545456, 0.08181818181818182, 0.06363636363636363, 0.02727272727272727, 0.045454545454545456, 0.03636363636363636, 0.02727272727272727, 0.00909090909090909, 0.00909090909090909, 0.045454545454545456, 0.02727272727272727, 0.05454545454545454, 0.00909090909090909, 0.00909090909090909, 0.03636363636363636, 0.08181818181818182, 0.05454545454545454, 0.03636363636363636, 0.0], [0.014492753623188406, 0.036231884057971016, 0.057971014492753624, 0.028985507246376812, 0.021739130434782608, 0.021739130434782608, 0.021739130434782608, 0.050724637681159424, 0.050724637681159424, 0.007246376811594203, 0.014492753623188406, 0.043478260869565216, 0.050724637681159424, 0.043478260869565216, 0.06521739130434782, 0.06521739130434782, 0.043478260869565216, 0.043478260869565216, 0.057971014492753624, 0.043478260869565216, 0.07246376811594203, 0.014492753623188406, 0.028985507246376812, 0.07246376811594203, 0.028985507246376812, 0.0], [0.031007751937984496, 0.031007751937984496, 0.05426356589147287, 0.015503875968992248, 0.031007751937984496, 0.007751937984496124, 0.046511627906976744, 0.007751937984496124, 0.046511627906976744, 0.023255813953488372, 0.06201550387596899, 0.05426356589147287, 0.03875968992248062, 0.007751937984496124, 0.023255813953488372, 0.03875968992248062, 0.06976744186046512, 0.06201550387596899, 0.05426356589147287, 0.06201550387596899, 0.06201550387596899, 0.015503875968992248, 0.06201550387596899, 0.06201550387596899, 0.031007751937984496, 0.0], [0.06976744186046512, 0.031007751937984496, 0.007751937984496124, 0.05426356589147287, 0.031007751937984496, 0.007751937984496124, 0.05426356589147287, 0.046511627906976744, 0.07751937984496124, 0.05426356589147287, 0.03875968992248062, 0.05426356589147287, 0.05426356589147287, 0.023255813953488372, 0.023255813953488372, 0.03875968992248062, 0.015503875968992248, 0.023255813953488372, 0.031007751937984496, 0.07751937984496124, 0.031007751937984496, 0.05426356589147287, 0.06201550387596899, 0.007751937984496124, 0.031007751937984496, 0.0], [0.031496062992125984, 0.05511811023622047, 0.07086614173228346, 0.05511811023622047, 0.047244094488188976, 0.015748031496062992, 0.031496062992125984, 0.023622047244094488, 0.05511811023622047, 0.031496062992125984, 0.05511811023622047, 0.06299212598425197, 0.023622047244094488, 0.07086614173228346, 0.007874015748031496, 0.015748031496062992, 0.07086614173228346, 0.05511811023622047, 0.007874015748031496, 0.007874015748031496, 0.015748031496062992, 0.023622047244094488, 0.06299212598425197, 0.06299212598425197, 0.03937007874015748, 0.0], [0.03937007874015748, 0.007874015748031496, 0.015748031496062992, 0.007874015748031496, 0.07086614173228346, 0.047244094488188976, 0.05511811023622047, 0.023622047244094488, 0.047244094488188976, 0.03937007874015748, 0.031496062992125984, 0.007874015748031496, 0.05511811023622047, 0.023622047244094488, 0.015748031496062992, 0.07874015748031496, 0.03937007874015748, 0.03937007874015748, 0.007874015748031496, 0.07874015748031496, 0.07086614173228346, 0.06299212598425197, 0.06299212598425197, 0.05511811023622047, 0.015748031496062992, 0.0], [0.06060606060606061, 0.022727272727272728, 0.03787878787878788, 0.045454545454545456, 0.05303030303030303, 0.06060606060606061, 0.022727272727272728, 0.007575757575757576, 0.045454545454545456, 0.022727272727272728, 0.06060606060606061, 0.07575757575757576, 0.07575757575757576, 0.06060606060606061, 0.015151515151515152, 0.015151515151515152, 0.03787878787878788, 0.05303030303030303, 0.045454545454545456, 0.05303030303030303, 0.03787878787878788, 0.015151515151515152, 0.015151515151515152, 0.045454545454545456, 0.015151515151515152, 0.0], [0.02702702702702703, 0.06306306306306306, 0.02702702702702703, 0.036036036036036036, 0.036036036036036036, 0.02702702702702703, 0.036036036036036036, 0.009009009009009009, 0.009009009009009009, 0.018018018018018018, 0.05405405405405406, 0.009009009009009009, 0.05405405405405406, 0.08108108108108109, 0.08108108108108109, 0.009009009009009009, 0.009009009009009009, 0.009009009009009009, 0.09009009009009009, 0.08108108108108109, 0.05405405405405406, 0.09009009009009009, 0.036036036036036036, 0.04504504504504504, 0.009009009009009009, 0.0], [0.07462686567164178, 0.06716417910447761, 0.05223880597014925, 0.029850746268656716, 0.07462686567164178, 0.07462686567164178, 0.007462686567164179, 0.06716417910447761, 0.014925373134328358, 0.05223880597014925, 0.05223880597014925, 0.014925373134328358, 0.029850746268656716, 0.05970149253731343, 0.029850746268656716, 0.022388059701492536, 0.029850746268656716, 0.007462686567164179, 0.022388059701492536, 0.06716417910447761, 0.022388059701492536, 0.07462686567164178, 0.007462686567164179, 0.014925373134328358, 0.029850746268656716, 0.0], [1.0, 0.0, 0.0, 0.0, 0.0, 0.0, 0.0, 0.0, 0.0, 0.0, 0.0, 0.0, 0.0, 0.0, 0.0, 0.0, 0.0, 0.0, 0.0, 0.0, 0.0, 0.0, 0.0, 0.0, 0.0, 0.0]]
