MC
['empty', 'empty', 'empty', 'empty', 'empty', 'empty', 'empty', 'empty', 'empty', 'empty', 'empty', 'empty', 'empty', 'empty', 'empty', 'empty', 'empty', 'empty', 'empty', 'empty', 'empty', 'empty', 'empty', 'empty', 'elected', 'init']
MC_random_25_states
[0.0, 0.0, 0.0, 0.0, 0.0, 0.0, 0.0, 0.0, 0.0, 0.0, 0.0, 0.0, 0.0, 0.0, 0.0, 0.0, 0.0, 0.0, 0.0, 0.0, 0.0, 0.0, 0.0, 0.0, 0.0, 1.0]
[[0.0375, 0.00625, 0.025, 0.025, 0.05, 0.0625, 0.025, 0.0375, 0.01875, 0.03125, 0.05, 0.04375, 0.05625, 0.05625, 0.0125, 0.04375, 0.05, 0.05, 0.05625, 0.0125, 0.0375, 0.0625, 0.05625, 0.0625, 0.03125, 0.0], [0.03636363636363636, 0.00909090909090909, 0.03636363636363636, 0.05454545454545454, 0.00909090909090909, 0.02727272727272727, 0.03636363636363636, 0.08181818181818182, 0.01818181818181818, 0.03636363636363636, 0.03636363636363636, 0.03636363636363636, 0.07272727272727272, 0.00909090909090909, 0.01818181818181818, 0.09090909090909091, 0.09090909090909091, 0.00909090909090909, 0.045454545454545456, 0.07272727272727272, 0.03636363636363636, 0.02727272727272727, 0.07272727272727272, 0.02727272727272727, 0.00909090909090909, 0.0], [0.006896551724137931, 0.034482758620689655, 0.041379310344827586, 0.041379310344827586, 0.04827586206896552, 0.06206896551724138, 0.034482758620689655, 0.013793103448275862, 0.034482758620689655, 0.06896551724137931, 0.06206896551724138, 0.013793103448275862, 0.013793103448275862, 0.05517241379310345, 0.06896551724137931, 0.06896551724137931, 0.027586206896551724, 0.04827586206896552, 0.05517241379310345, 0.020689655172413793, 0.006896551724137931, 0.027586206896551724, 0.041379310344827586, 0.06896551724137931, 0.034482758620689655, 0.0], [0.0423728813559322, 0.059322033898305086, 0.0423728813559322, 0.0423728813559322, 0.03389830508474576, 0.0423728813559322, 0.0423728813559322, 0.07627118644067797, 0.0423728813559322, 0.03389830508474576, 0.06779661016949153, 0.05084745762711865, 0.05084745762711865, 0.00847457627118644, 0.01694915254237288, 0.05084745762711865, 0.0847457627118644, 0.03389830508474576, 0.00847457627118644, 0.05084745762711865, 0.00847457627118644, 0.01694915254237288, 0.025423728813559324, 0.0423728813559322, 0.025423728813559324, 0.0], [0.008403361344537815, 0.03361344537815126, 0.025210084033613446, 0.008403361344537815, 0.06722689075630252, 0.05042016806722689, 0.08403361344537816, 0.008403361344537815, 0.025210084033613446, 0.06722689075630252, 0.025210084033613446, 0.08403361344537816, 0.025210084033613446, 0.03361344537815126, 0.03361344537815126, 0.025210084033613446, 0.03361344537815126, 0.04201680672268908, 0.01680672268907563, 0.025210084033613446, 0.08403361344537816, 0.01680672268907563, 0.04201680672268908, 0.058823529411764705, 0.07563025210084033, 0.0], [0.024390243902439025, 0.032520325203252036, 0.008130081300813009, 0.008130081300813009, 0.056910569105691054, 0.008130081300813009, 0.056910569105691054, 0.032520325203252036, 0.032520325203252036, 0.07317073170731707, 0.07317073170731707, 0.07317073170731707, 0.024390243902439025, 0.032520325203252036, 0.024390243902439025, 0.008130081300813009, 0.07317073170731707, 0.07317073170731707, 0.032520325203252036, 0.07317073170731707, 0.024390243902439025, 0.07317073170731707, 0.04065040650406504, 0.032520325203252036, 0.008130081300813009, 0.0], [0.030303030303030304, 0.024242424242424242, 0.04242424242424243, 0.06060606060606061, 0.05454545454545454, 0.006060606060606061, 0.05454545454545454, 0.03636363636363636, 0.06060606060606061, 0.006060606060606061, 0.06060606060606061, 0.04242424242424243, 0.03636363636363636, 0.024242424242424242, 0.012121212121212121, 0.05454545454545454, 0.006060606060606061, 0.030303030303030304, 0.06060606060606061, 0.04242424242424243, 0.03636363636363636, 0.048484848484848485, 0.05454545454545454, 0.05454545454545454, 0.06060606060606061, 0.0], [0.02, 0.06, 0.04666666666666667, 0.04666666666666667, 0.06666666666666667, 0.013333333333333334, 0.04666666666666667, 0.06, 0.06, 0.02666666666666667, 0.02, 0.02666666666666667, 0.04666666666666667, 0.02666666666666667, 0.04666666666666667, 0.04, 0.05333333333333334, 0.006666666666666667, 0.06, 0.03333333333333333, 0.04666666666666667, 0.04, 0.06, 0.02, 0.02666666666666667, 0.0], [0.06451612903225806, 0.05161290322580645, 0.03870967741935484, 0.025806451612903226, 0.03225806451612903, 0.03870967741935484, 0.025806451612903226, 0.025806451612903226, 0.05161290322580645, 0.06451612903225806, 0.06451612903225806, 0.06451612903225806, 0.05161290322580645, 0.025806451612903226, 0.01935483870967742, 0.025806451612903226, 0.06451612903225806, 0.05161290322580645, 0.05161290322580645, 0.03870967741935484, 0.012903225806451613, 0.01935483870967742, 0.01935483870967742, 0.05806451612903226, 0.012903225806451613, 0.0], [0.05128205128205128, 0.07692307692307693, 0.042735042735042736, 0.008547008547008548, 0.02564102564102564, 0.05128205128205128, 0.05128205128205128, 0.008547008547008548, 0.07692307692307693, 0.017094017094017096, 0.017094017094017096, 0.008547008547008548, 0.03418803418803419, 0.07692307692307693, 0.07692307692307693, 0.042735042735042736, 0.042735042735042736, 0.008547008547008548, 0.08547008547008547, 0.03418803418803419, 0.06837606837606838, 0.03418803418803419, 0.02564102564102564, 0.017094017094017096, 0.017094017094017096, 0.0], [0.02158273381294964, 0.014388489208633094, 0.03597122302158273, 0.02158273381294964, 0.04316546762589928, 0.04316546762589928, 0.04316546762589928, 0.02158273381294964, 0.04316546762589928, 0.05755395683453238, 0.05755395683453238, 0.050359712230215826, 0.014388489208633094, 0.050359712230215826, 0.05755395683453238, 0.02158273381294964, 0.02877697841726619, 0.014388489208633094, 0.07194244604316546, 0.04316546762589928, 0.07194244604316546, 0.07194244604316546, 0.02158273381294964, 0.007194244604316547, 0.07194244604316546, 0.0], [0.013888888888888888, 0.06944444444444445, 0.006944444444444444, 0.04861111111111111, 0.006944444444444444, 0.034722222222222224, 0.0625, 0.034722222222222224, 0.027777777777777776, 0.027777777777777776, 0.0625, 0.0625, 0.05555555555555555, 0.006944444444444444, 0.027777777777777776, 0.0625, 0.05555555555555555, 0.05555555555555555, 0.013888888888888888, 0.0625, 0.034722222222222224, 0.05555555555555555, 0.006944444444444444, 0.034722222222222224, 0.06944444444444445, 0.0], [0.007751937984496124, 0.05426356589147287, 0.03875968992248062, 0.023255813953488372, 0.03875968992248062, 0.05426356589147287, 0.031007751937984496, 0.031007751937984496, 0.06201550387596899, 0.06976744186046512, 0.046511627906976744, 0.007751937984496124, 0.06976744186046512, 0.046511627906976744, 0.03875968992248062, 0.06201550387596899, 0.03875968992248062, 0.015503875968992248, 0.031007751937984496, 0.031007751937984496, 0.07751937984496124, 0.023255813953488372, 0.046511627906976744, 0.023255813953488372, 0.031007751937984496, 0.0], [0.037267080745341616, 0.049689440993788817, 0.018633540372670808, 0.049689440993788817, 0.012422360248447204, 0.043478260869565216, 0.037267080745341616, 0.006211180124223602, 0.006211180124223602, 0.024844720496894408, 0.012422360248447204, 0.062111801242236024, 0.062111801242236024, 0.043478260869565216, 0.043478260869565216, 0.049689440993788817, 0.055900621118012424, 0.055900621118012424, 0.049689440993788817, 0.006211180124223602, 0.055900621118012424, 0.043478260869565216, 0.055900621118012424, 0.062111801242236024, 0.055900621118012424, 0.0], [0.027972027972027972, 0.04895104895104895, 0.013986013986013986, 0.055944055944055944, 0.03496503496503497, 0.06993006993006994, 0.02097902097902098, 0.006993006993006993, 0.06293706293706294, 0.02097902097902098, 0.055944055944055944, 0.06293706293706294, 0.03496503496503497, 0.03496503496503497, 0.013986013986013986, 0.055944055944055944, 0.04895104895104895, 0.06993006993006994, 0.03496503496503497, 0.013986013986013986, 0.04195804195804196, 0.06993006993006994, 0.055944055944055944, 0.013986013986013986, 0.027972027972027972, 0.0], [0.048, 0.064, 0.032, 0.056, 0.056, 0.064, 0.08, 0.016, 0.08, 0.056, 0.008, 0.032, 0.072, 0.04, 0.016, 0.04, 0.048, 0.008, 0.032, 0.016, 0.04, 0.04, 0.04, 0.008, 0.008, 0.0], [0.0703125, 0.0390625, 0.0546875, 0.078125, 0.03125, 0.03125, 0.0234375, 0.015625, 0.0234375, 0.015625, 0.03125, 0.0390625, 0.015625, 0.015625, 0.0078125, 0.0625, 0.0703125, 0.0390625, 0.03125, 0.046875, 0.0546875, 0.03125, 0.0234375, 0.078125, 0.0703125, 0.0], [0.014184397163120567, 0.03546099290780142, 0.0070921985815602835, 0.06382978723404255, 0.028368794326241134, 0.07092198581560284, 0.0425531914893617, 0.0425531914893617, 0.014184397163120567, 0.05673758865248227, 0.06382978723404255, 0.04964539007092199, 0.03546099290780142, 0.05673758865248227, 0.028368794326241134, 0.0425531914893617, 0.028368794326241134, 0.04964539007092199, 0.03546099290780142, 0.05673758865248227, 0.028368794326241134, 0.0070921985815602835, 0.0425531914893617, 0.07092198581560284, 0.028368794326241134, 0.0], [0.057971014492753624, 0.043478260869565216, 0.043478260869565216, 0.06521739130434782, 0.007246376811594203, 0.06521739130434782, 0.028985507246376812, 0.050724637681159424, 0.07246376811594203, 0.028985507246376812, 0.021739130434782608, 0.057971014492753624, 0.007246376811594203, 0.028985507246376812, 0.007246376811594203, 0.028985507246376812, 0.050724637681159424, 0.014492753623188406, 0.07246376811594203, 0.021739130434782608, 0.07246376811594203, 0.036231884057971016, 0.07246376811594203, 0.014492753623188406, 0.028985507246376812, 0.0], [0.020833333333333332, 0.034722222222222224, 0.06944444444444445, 0.05555555555555555, 0.034722222222222224, 0.06944444444444445, 0.034722222222222224, 0.013888888888888888, 0.020833333333333332, 0.05555555555555555, 0.020833333333333332, 0.027777777777777776, 0.06944444444444445, 0.05555555555555555, 0.04861111111111111, 0.04861111111111111, 0.020833333333333332, 0.027777777777777776, 0.04861111111111111, 0.006944444444444444, 0.0625, 0.006944444444444444, 0.05555555555555555, 0.04861111111111111, 0.041666666666666664, 0.0], [0.07874015748031496, 0.05511811023622047, 0.047244094488188976, 0.023622047244094488, 0.06299212598425197, 0.015748031496062992, 0.07874015748031496, 0.023622047244094488, 0.023622047244094488, 0.047244094488188976, 0.05511811023622047, 0.03937007874015748, 0.023622047244094488, 0.023622047244094488, 0.015748031496062992, 0.007874015748031496, 0.07874015748031496, 0.007874015748031496, 0.023622047244094488, 0.07086614173228346, 0.031496062992125984, 0.007874015748031496, 0.07086614173228346, 0.07086614173228346, 0.015748031496062992, 0.0], [0.0070921985815602835, 0.0425531914893617, 0.06382978723404255, 0.02127659574468085, 0.028368794326241134, 0.0425531914893617, 0.028368794326241134, 0.06382978723404255, 0.04964539007092199, 0.03546099290780142, 0.04964539007092199, 0.028368794326241134, 0.04964539007092199, 0.02127659574468085, 0.04964539007092199, 0.0425531914893617, 0.0425531914893617, 0.07092198581560284, 0.03546099290780142, 0.04964539007092199, 0.0425531914893617, 0.014184397163120567, 0.028368794326241134, 0.028368794326241134, 0.06382978723404255, 0.0], [0.06578947368421052, 0.039473684210526314, 0.039473684210526314, 0.046052631578947366, 0.006578947368421052, 0.06578947368421052, 0.05263157894736842, 0.039473684210526314, 0.013157894736842105, 0.039473684210526314, 0.046052631578947366, 0.046052631578947366, 0.05921052631578947, 0.05263157894736842, 0.039473684210526314, 0.02631578947368421, 0.019736842105263157, 0.06578947368421052, 0.06578947368421052, 0.02631578947368421, 0.019736842105263157, 0.039473684210526314, 0.03289473684210526, 0.013157894736842105, 0.039473684210526314, 0.0], [0.072, 0.032, 0.048, 0.072, 0.04, 0.016, 0.064, 0.072, 0.016, 0.024, 0.016, 0.016, 0.064, 0.048, 0.008, 0.04, 0.016, 0.016, 0.056, 0.056, 0.008, 0.024, 0.032, 0.064, 0.08, 0.0], [0.02654867256637168, 0.04424778761061947, 0.08849557522123894, 0.008849557522123894, 0.061946902654867256, 0.08849557522123894, 0.02654867256637168, 0.04424778761061947, 0.07079646017699115, 0.035398230088495575, 0.008849557522123894, 0.05309734513274336, 0.04424778761061947, 0.008849557522123894, 0.02654867256637168, 0.035398230088495575, 0.017699115044247787, 0.07079646017699115, 0.017699115044247787, 0.035398230088495575, 0.04424778761061947, 0.017699115044247787, 0.07079646017699115, 0.04424778761061947, 0.008849557522123894, 0.0], [1.0, 0.0, 0.0, 0.0, 0.0, 0.0, 0.0, 0.0, 0.0, 0.0, 0.0, 0.0, 0.0, 0.0, 0.0, 0.0, 0.0, 0.0, 0.0, 0.0, 0.0, 0.0, 0.0, 0.0, 0.0, 0.0]]
