states
0 1 2 3 4 5 6 7 8 9 10 11 12 13 14 15 16 17 18 19 20 21 22 23 24 25 
labels
empty init elected 
initial
0.0 0.0 0.0 0.0 0.0 0.0 0.0 0.0 0.0 0.0 0.0 0.0 0.0 0.0 0.0 0.0 0.0 0.0 0.0 0.0 0.0 0.0 0.0 0.0 0.0 1.0
transitions
0.060810810810810814 0.060810810810810814 0.0472972972972973 0.02027027027027027 0.060810810810810814 0.05405405405405406 0.02027027027027027 0.013513513513513514 0.04054054054054054 0.033783783783783786 0.033783783783783786 0.04054054054054054 0.05405405405405406 0.02702702702702703 0.0472972972972973 0.033783783783783786 0.02702702702702703 0.05405405405405406 0.0472972972972973 0.013513513513513514 0.02702702702702703 0.04054054054054054 0.060810810810810814 0.033783783783783786 0.0472972972972973 0.0 
0.027972027972027975 0.06993006993006995 0.020979020979020983 0.006993006993006994 0.034965034965034975 0.020979020979020983 0.034965034965034975 0.013986013986013988 0.05594405594405595 0.06293706293706296 0.020979020979020983 0.06993006993006995 0.06293706293706296 0.05594405594405595 0.013986013986013988 0.04895104895104896 0.06293706293706296 0.04195804195804197 0.06993006993006995 0.06993006993006995 0.06993006993006995 0.027972027972027975 0.006993006993006994 0.006993006993006994 0.020979020979020983 0.0 
0.059210526315789457 0.059210526315789457 0.019736842105263153 0.06578947368421051 0.04605263157894736 0.03947368421052631 0.04605263157894736 0.04605263157894736 0.04605263157894736 0.026315789473684202 0.059210526315789457 0.019736842105263153 0.013157894736842101 0.032894736842105254 0.059210526315789457 0.013157894736842101 0.04605263157894736 0.06578947368421051 0.03947368421052631 0.013157894736842101 0.019736842105263153 0.032894736842105254 0.052631578947368404 0.04605263157894736 0.032894736842105254 0.0 
0.04580152671755725 0.06870229007633588 0.030534351145038167 0.007633587786259542 0.007633587786259542 0.04580152671755725 0.061068702290076333 0.04580152671755725 0.007633587786259542 0.06870229007633588 0.05343511450381679 0.04580152671755725 0.015267175572519083 0.061068702290076333 0.03816793893129771 0.030534351145038167 0.05343511450381679 0.015267175572519083 0.03816793893129771 0.007633587786259542 0.06870229007633588 0.04580152671755725 0.03816793893129771 0.022900763358778626 0.07633587786259542 0.0 
0.06399999999999999 0.015999999999999997 0.07999999999999999 0.023999999999999994 0.015999999999999997 0.007999999999999998 0.06399999999999999 0.015999999999999997 0.07199999999999998 0.07999999999999999 0.007999999999999998 0.06399999999999999 0.007999999999999998 0.04799999999999999 0.023999999999999994 0.04799999999999999 0.015999999999999997 0.031999999999999994 0.031999999999999994 0.015999999999999997 0.07199999999999998 0.05599999999999999 0.07199999999999998 0.015999999999999997 0.04799999999999999 0.0 
0.056338028169014086 0.007042253521126761 0.07042253521126761 0.014084507042253521 0.04225352112676056 0.07042253521126761 0.02112676056338028 0.007042253521126761 0.007042253521126761 0.035211267605633804 0.04929577464788732 0.028169014084507043 0.014084507042253521 0.06338028169014084 0.04225352112676056 0.07042253521126761 0.04225352112676056 0.035211267605633804 0.02112676056338028 0.056338028169014086 0.06338028169014084 0.056338028169014086 0.028169014084507043 0.035211267605633804 0.06338028169014084 0.0 
0.05223880597014926 0.02985074626865672 0.06716417910447763 0.06716417910447763 0.04477611940298508 0.01492537313432836 0.02985074626865672 0.02985074626865672 0.02985074626865672 0.02238805970149254 0.05223880597014926 0.04477611940298508 0.04477611940298508 0.02238805970149254 0.04477611940298508 0.05223880597014926 0.01492537313432836 0.04477611940298508 0.00746268656716418 0.04477611940298508 0.0373134328358209 0.06716417910447763 0.02985074626865672 0.05970149253731344 0.04477611940298508 0.0 
0.07194244604316546 0.03597122302158273 0.04316546762589928 0.02158273381294964 0.050359712230215826 0.007194244604316547 0.04316546762589928 0.05755395683453238 0.014388489208633094 0.050359712230215826 0.05755395683453238 0.007194244604316547 0.014388489208633094 0.02158273381294964 0.03597122302158273 0.007194244604316547 0.050359712230215826 0.050359712230215826 0.06474820143884892 0.050359712230215826 0.07194244604316546 0.04316546762589928 0.014388489208633094 0.04316546762589928 0.07194244604316546 0.0 
0.037878787878787894 0.07575757575757579 0.0681818181818182 0.030303030303030314 0.037878787878787894 0.05303030303030305 0.022727272727272735 0.037878787878787894 0.06060606060606063 0.04545454545454547 0.015151515151515157 0.030303030303030314 0.06060606060606063 0.037878787878787894 0.04545454545454547 0.015151515151515157 0.022727272727272735 0.030303030303030314 0.05303030303030305 0.015151515151515157 0.022727272727272735 0.07575757575757579 0.05303030303030305 0.007575757575757579 0.04545454545454547 0.0 
0.02816901408450705 0.04225352112676057 0.021126760563380285 0.06338028169014086 0.07042253521126762 0.0563380281690141 0.02816901408450705 0.0070422535211267625 0.03521126760563381 0.049295774647887335 0.021126760563380285 0.0563380281690141 0.07042253521126762 0.02816901408450705 0.014084507042253525 0.014084507042253525 0.07042253521126762 0.07042253521126762 0.0070422535211267625 0.06338028169014086 0.0070422535211267625 0.06338028169014086 0.04225352112676057 0.02816901408450705 0.04225352112676057 0.0 
0.08823529411764708 0.03921568627450981 0.06862745098039218 0.019607843137254905 0.06862745098039218 0.019607843137254905 0.029411764705882356 0.019607843137254905 0.029411764705882356 0.06862745098039218 0.06862745098039218 0.019607843137254905 0.03921568627450981 0.03921568627450981 0.029411764705882356 0.03921568627450981 0.029411764705882356 0.03921568627450981 0.03921568627450981 0.009803921568627453 0.05882352941176471 0.019607843137254905 0.029411764705882356 0.019607843137254905 0.06862745098039218 0.0 
0.023999999999999994 0.015999999999999997 0.031999999999999994 0.05599999999999999 0.031999999999999994 0.07999999999999999 0.007999999999999998 0.039999999999999994 0.023999999999999994 0.06399999999999999 0.04799999999999999 0.04799999999999999 0.031999999999999994 0.07999999999999999 0.015999999999999997 0.07199999999999998 0.015999999999999997 0.039999999999999994 0.05599999999999999 0.023999999999999994 0.05599999999999999 0.06399999999999999 0.04799999999999999 0.007999999999999998 0.015999999999999997 0.0 
0.046875 0.0546875 0.078125 0.0703125 0.0703125 0.0234375 0.0546875 0.0078125 0.0546875 0.0078125 0.0390625 0.03125 0.03125 0.0625 0.0078125 0.078125 0.0234375 0.0234375 0.03125 0.046875 0.0546875 0.0078125 0.0546875 0.0078125 0.03125 0.0 
0.051282051282051266 0.025641025641025633 0.05769230769230768 0.006410256410256408 0.025641025641025633 0.05769230769230768 0.03846153846153846 0.051282051282051266 0.03846153846153846 0.051282051282051266 0.03205128205128204 0.012820512820512817 0.006410256410256408 0.044871794871794865 0.051282051282051266 0.051282051282051266 0.05769230769230768 0.03205128205128204 0.06410256410256408 0.01923076923076923 0.051282051282051266 0.03846153846153846 0.06410256410256408 0.025641025641025633 0.044871794871794865 0.0 
0.038167938931297704 0.00763358778625954 0.05343511450381678 0.01526717557251908 0.06870229007633587 0.045801526717557245 0.01526717557251908 0.00763358778625954 0.045801526717557245 0.00763358778625954 0.07633587786259541 0.06870229007633587 0.022900763358778622 0.05343511450381678 0.07633587786259541 0.07633587786259541 0.06870229007633587 0.022900763358778622 0.038167938931297704 0.01526717557251908 0.01526717557251908 0.022900763358778622 0.022900763358778622 0.05343511450381678 0.06106870229007632 0.0 
0.06944444444444446 0.06250000000000001 0.02777777777777778 0.06944444444444446 0.03472222222222223 0.06250000000000001 0.03472222222222223 0.006944444444444445 0.006944444444444445 0.03472222222222223 0.05555555555555556 0.04166666666666667 0.06944444444444446 0.020833333333333336 0.06944444444444446 0.04861111111111112 0.006944444444444445 0.02777777777777778 0.04861111111111112 0.06250000000000001 0.020833333333333336 0.01388888888888889 0.006944444444444445 0.05555555555555556 0.04166666666666667 0.0 
0.052980132450331126 0.046357615894039736 0.06622516556291391 0.026490066225165563 0.006622516556291391 0.033112582781456956 0.06622516556291391 0.006622516556291391 0.019867549668874173 0.006622516556291391 0.06622516556291391 0.033112582781456956 0.052980132450331126 0.033112582781456956 0.046357615894039736 0.039735099337748346 0.06622516556291391 0.039735099337748346 0.039735099337748346 0.06622516556291391 0.019867549668874173 0.046357615894039736 0.019867549668874173 0.06622516556291391 0.033112582781456956 0.0 
0.0072992700729927005 0.072992700729927 0.06569343065693431 0.021897810218978103 0.014598540145985401 0.051094890510948905 0.014598540145985401 0.072992700729927 0.029197080291970802 0.072992700729927 0.021897810218978103 0.021897810218978103 0.06569343065693431 0.021897810218978103 0.043795620437956206 0.021897810218978103 0.072992700729927 0.051094890510948905 0.051094890510948905 0.043795620437956206 0.0072992700729927005 0.043795620437956206 0.029197080291970802 0.072992700729927 0.0072992700729927005 0.0 
0.0563380281690141 0.049295774647887335 0.04225352112676057 0.0563380281690141 0.0070422535211267625 0.014084507042253525 0.07042253521126762 0.014084507042253525 0.049295774647887335 0.0070422535211267625 0.021126760563380285 0.014084507042253525 0.049295774647887335 0.04225352112676057 0.04225352112676057 0.04225352112676057 0.06338028169014086 0.07042253521126762 0.014084507042253525 0.03521126760563381 0.014084507042253525 0.04225352112676057 0.07042253521126762 0.07042253521126762 0.04225352112676057 0.0 
0.03007518796992481 0.03759398496240601 0.007518796992481203 0.03007518796992481 0.045112781954887216 0.07518796992481203 0.06015037593984962 0.06766917293233082 0.05263157894736842 0.015037593984962405 0.022556390977443608 0.007518796992481203 0.07518796992481203 0.015037593984962405 0.007518796992481203 0.015037593984962405 0.045112781954887216 0.03759398496240601 0.022556390977443608 0.06766917293233082 0.015037593984962405 0.07518796992481203 0.06766917293233082 0.05263157894736842 0.05263157894736842 0.0 
0.04545454545454546 0.027272727272727275 0.027272727272727275 0.03636363636363637 0.07272727272727274 0.04545454545454546 0.03636363636363637 0.009090909090909092 0.027272727272727275 0.018181818181818184 0.05454545454545455 0.027272727272727275 0.027272727272727275 0.009090909090909092 0.03636363636363637 0.09090909090909093 0.05454545454545455 0.018181818181818184 0.08181818181818183 0.027272727272727275 0.08181818181818183 0.018181818181818184 0.009090909090909092 0.09090909090909093 0.027272727272727275 0.0 
0.04081632653061224 0.02040816326530612 0.034013605442176874 0.047619047619047616 0.04081632653061224 0.027210884353741496 0.047619047619047616 0.06802721088435375 0.027210884353741496 0.006802721088435374 0.061224489795918366 0.034013605442176874 0.006802721088435374 0.02040816326530612 0.013605442176870748 0.04081632653061224 0.04081632653061224 0.034013605442176874 0.061224489795918366 0.061224489795918366 0.061224489795918366 0.047619047619047616 0.04081632653061224 0.061224489795918366 0.05442176870748299 0.0 
0.034246575342465745 0.013698630136986297 0.013698630136986297 0.020547945205479447 0.05479452054794519 0.06849315068493149 0.04794520547945204 0.06164383561643834 0.06849315068493149 0.04794520547945204 0.05479452054794519 0.05479452054794519 0.05479452054794519 0.027397260273972594 0.06164383561643834 0.034246575342465745 0.006849315068493149 0.06849315068493149 0.034246575342465745 0.034246575342465745 0.020547945205479447 0.006849315068493149 0.05479452054794519 0.034246575342465745 0.020547945205479447 0.0 
0.04799999999999999 0.04799999999999999 0.015999999999999997 0.007999999999999998 0.007999999999999998 0.07199999999999998 0.015999999999999997 0.015999999999999997 0.031999999999999994 0.007999999999999998 0.023999999999999994 0.07199999999999998 0.07999999999999999 0.007999999999999998 0.04799999999999999 0.023999999999999994 0.07999999999999999 0.06399999999999999 0.07199999999999998 0.023999999999999994 0.031999999999999994 0.023999999999999994 0.023999999999999994 0.07999999999999999 0.07199999999999998 0.0 
0.029850746268656723 0.007462686567164181 0.014925373134328361 0.059701492537313446 0.06716417910447763 0.04477611940298508 0.007462686567164181 0.059701492537313446 0.0373134328358209 0.02238805970149254 0.06716417910447763 0.029850746268656723 0.02238805970149254 0.029850746268656723 0.014925373134328361 0.059701492537313446 0.029850746268656723 0.04477611940298508 0.059701492537313446 0.059701492537313446 0.0746268656716418 0.0373134328358209 0.052238805970149266 0.029850746268656723 0.0373134328358209 0.0 
1.0 0.0 0.0 0.0 0.0 0.0 0.0 0.0 0.0 0.0 0.0 0.0 0.0 0.0 0.0 0.0 0.0 0.0 0.0 0.0 0.0 0.0 0.0 0.0 0.0 0.0 

emissions
1 1 1 1 1 1 1 1 1 1 1 1 1 1 1 1 1 1 1 1 1 1 1 1 0 0 
0 0 0 0 0 0 0 0 0 0 0 0 0 0 0 0 0 0 0 0 0 0 0 0 0 1 
0 0 0 0 0 0 0 0 0 0 0 0 0 0 0 0 0 0 0 0 0 0 0 0 1 0 
