states
0 1 2 3 4 5 6 7 8 9 10 11 12 13 14 15 16 17 18 19 20 21 22 23 24 25 
labels
empty init elected 
initial
0.0 0.0 0.0 0.0 0.0 0.0 0.0 0.0 0.0 0.0 0.0 0.0 0.0 0.0 0.0 0.0 0.0 0.0 0.0 0.0 0.0 0.0 0.0 0.0 0.0 1.0
transitions
0.05921052631578947 0.06578947368421052 0.02631578947368421 0.05921052631578947 0.05921052631578947 0.006578947368421052 0.039473684210526314 0.02631578947368421 0.06578947368421052 0.06578947368421052 0.039473684210526314 0.05263157894736842 0.046052631578947366 0.006578947368421052 0.03289473684210526 0.05263157894736842 0.05921052631578947 0.013157894736842105 0.046052631578947366 0.019736842105263157 0.019736842105263157 0.013157894736842105 0.02631578947368421 0.039473684210526314 0.05921052631578947 0.0 
0.015151515151515155 0.06818181818181819 0.06060606060606062 0.06818181818181819 0.015151515151515155 0.007575757575757578 0.04545454545454546 0.03787878787878789 0.015151515151515155 0.04545454545454546 0.03787878787878789 0.06060606060606062 0.053030303030303046 0.007575757575757578 0.007575757575757578 0.07575757575757577 0.02272727272727273 0.03787878787878789 0.04545454545454546 0.06818181818181819 0.06818181818181819 0.06060606060606062 0.04545454545454546 0.015151515151515155 0.015151515151515155 0.0 
0.02127659574468085 0.06382978723404255 0.06382978723404255 0.0851063829787234 0.05319148936170213 0.0425531914893617 0.010638297872340425 0.010638297872340425 0.010638297872340425 0.010638297872340425 0.031914893617021274 0.031914893617021274 0.0851063829787234 0.010638297872340425 0.06382978723404255 0.010638297872340425 0.02127659574468085 0.05319148936170213 0.02127659574468085 0.031914893617021274 0.031914893617021274 0.05319148936170213 0.09574468085106383 0.010638297872340425 0.07446808510638298 0.0 
0.008264462809917357 0.041322314049586785 0.016528925619834715 0.04958677685950414 0.016528925619834715 0.07438016528925621 0.07438016528925621 0.06611570247933886 0.008264462809917357 0.008264462809917357 0.08264462809917357 0.016528925619834715 0.06611570247933886 0.07438016528925621 0.06611570247933886 0.041322314049586785 0.008264462809917357 0.008264462809917357 0.041322314049586785 0.03305785123966943 0.008264462809917357 0.07438016528925621 0.02479338842975207 0.06611570247933886 0.02479338842975207 0.0 
0.015748031496062992 0.031496062992125984 0.023622047244094488 0.03937007874015748 0.015748031496062992 0.023622047244094488 0.023622047244094488 0.06299212598425197 0.031496062992125984 0.03937007874015748 0.015748031496062992 0.05511811023622047 0.06299212598425197 0.07874015748031496 0.015748031496062992 0.007874015748031496 0.007874015748031496 0.047244094488188976 0.07086614173228346 0.03937007874015748 0.07086614173228346 0.07086614173228346 0.031496062992125984 0.03937007874015748 0.07874015748031496 0.0 
0.021428571428571432 0.042857142857142864 0.03571428571428572 0.057142857142857155 0.07142857142857144 0.014285714285714289 0.07142857142857144 0.007142857142857144 0.057142857142857155 0.03571428571428572 0.0642857142857143 0.0642857142857143 0.03571428571428572 0.014285714285714289 0.03571428571428572 0.007142857142857144 0.042857142857142864 0.05000000000000002 0.057142857142857155 0.007142857142857144 0.057142857142857155 0.0642857142857143 0.014285714285714289 0.042857142857142864 0.028571428571428577 0.0 
0.041916167664670656 0.059880239520958084 0.011976047904191617 0.023952095808383235 0.04790419161676647 0.029940119760479042 0.059880239520958084 0.005988023952095809 0.05389221556886228 0.029940119760479042 0.04790419161676647 0.05389221556886228 0.03592814371257485 0.041916167664670656 0.04790419161676647 0.023952095808383235 0.03592814371257485 0.011976047904191617 0.05389221556886228 0.059880239520958084 0.017964071856287425 0.059880239520958084 0.05389221556886228 0.059880239520958084 0.029940119760479042 0.0 
0.03896103896103896 0.006493506493506494 0.05844155844155844 0.05194805194805195 0.012987012987012988 0.01948051948051948 0.03896103896103896 0.01948051948051948 0.05194805194805195 0.045454545454545456 0.05194805194805195 0.06493506493506493 0.012987012987012988 0.03896103896103896 0.05194805194805195 0.03896103896103896 0.06493506493506493 0.05194805194805195 0.01948051948051948 0.045454545454545456 0.032467532467532464 0.05844155844155844 0.032467532467532464 0.06493506493506493 0.025974025974025976 0.0 
0.06716417910447761 0.04477611940298507 0.05223880597014925 0.029850746268656716 0.06716417910447761 0.03731343283582089 0.022388059701492536 0.05970149253731343 0.05970149253731343 0.022388059701492536 0.022388059701492536 0.007462686567164179 0.05970149253731343 0.04477611940298507 0.007462686567164179 0.029850746268656716 0.029850746268656716 0.04477611940298507 0.04477611940298507 0.03731343283582089 0.05970149253731343 0.022388059701492536 0.022388059701492536 0.05223880597014925 0.05223880597014925 0.0 
0.03007518796992481 0.05263157894736842 0.06015037593984962 0.06015037593984962 0.007518796992481203 0.06766917293233082 0.07518796992481203 0.03759398496240601 0.045112781954887216 0.03759398496240601 0.045112781954887216 0.007518796992481203 0.03007518796992481 0.045112781954887216 0.03759398496240601 0.022556390977443608 0.045112781954887216 0.015037593984962405 0.06015037593984962 0.07518796992481203 0.05263157894736842 0.007518796992481203 0.015037593984962405 0.06015037593984962 0.007518796992481203 0.0 
0.029411764705882353 0.058823529411764705 0.07352941176470588 0.029411764705882353 0.04411764705882353 0.051470588235294115 0.014705882352941176 0.04411764705882353 0.029411764705882353 0.051470588235294115 0.0661764705882353 0.04411764705882353 0.051470588235294115 0.058823529411764705 0.007352941176470588 0.022058823529411766 0.014705882352941176 0.051470588235294115 0.022058823529411766 0.022058823529411766 0.04411764705882353 0.058823529411764705 0.014705882352941176 0.03676470588235294 0.058823529411764705 0.0 
0.08849557522123894 0.035398230088495575 0.017699115044247787 0.02654867256637168 0.035398230088495575 0.017699115044247787 0.05309734513274336 0.04424778761061947 0.05309734513274336 0.02654867256637168 0.04424778761061947 0.017699115044247787 0.035398230088495575 0.02654867256637168 0.017699115044247787 0.04424778761061947 0.05309734513274336 0.07964601769911504 0.035398230088495575 0.017699115044247787 0.02654867256637168 0.061946902654867256 0.05309734513274336 0.07079646017699115 0.017699115044247787 0.0 
0.02962962962962963 0.07407407407407407 0.02962962962962963 0.044444444444444446 0.007407407407407408 0.05925925925925926 0.022222222222222223 0.05185185185185185 0.007407407407407408 0.014814814814814815 0.007407407407407408 0.037037037037037035 0.05185185185185185 0.044444444444444446 0.05185185185185185 0.037037037037037035 0.07407407407407407 0.05925925925925926 0.007407407407407408 0.037037037037037035 0.022222222222222223 0.06666666666666667 0.07407407407407407 0.06666666666666667 0.022222222222222223 0.0 
0.06122448979591835 0.06122448979591835 0.03401360544217687 0.06122448979591835 0.006802721088435372 0.03401360544217687 0.05442176870748298 0.06802721088435373 0.040816326530612235 0.06802721088435373 0.0476190476190476 0.03401360544217687 0.0476190476190476 0.02721088435374149 0.006802721088435372 0.0476190476190476 0.02721088435374149 0.013605442176870744 0.03401360544217687 0.013605442176870744 0.040816326530612235 0.013605442176870744 0.06122448979591835 0.06802721088435373 0.02721088435374149 0.0 
0.008264462809917356 0.01652892561983471 0.04132231404958678 0.0743801652892562 0.049586776859504134 0.04132231404958678 0.03305785123966942 0.049586776859504134 0.008264462809917356 0.0743801652892562 0.06611570247933884 0.04132231404958678 0.03305785123966942 0.03305785123966942 0.05785123966942149 0.01652892561983471 0.06611570247933884 0.08264462809917356 0.01652892561983471 0.024793388429752067 0.008264462809917356 0.06611570247933884 0.01652892561983471 0.049586776859504134 0.024793388429752067 0.0 
0.022222222222222223 0.014814814814814815 0.02962962962962963 0.037037037037037035 0.02962962962962963 0.06666666666666667 0.007407407407407408 0.05185185185185185 0.06666666666666667 0.02962962962962963 0.07407407407407407 0.05925925925925926 0.014814814814814815 0.06666666666666667 0.022222222222222223 0.06666666666666667 0.007407407407407408 0.037037037037037035 0.06666666666666667 0.06666666666666667 0.05185185185185185 0.037037037037037035 0.02962962962962963 0.007407407407407408 0.037037037037037035 0.0 
0.007575757575757578 0.04545454545454546 0.02272727272727273 0.02272727272727273 0.053030303030303046 0.02272727272727273 0.007575757575757578 0.03787878787878789 0.015151515151515155 0.04545454545454546 0.04545454545454546 0.053030303030303046 0.04545454545454546 0.07575757575757577 0.04545454545454546 0.03787878787878789 0.07575757575757577 0.053030303030303046 0.02272727272727273 0.015151515151515155 0.015151515151515155 0.03787878787878789 0.06818181818181819 0.06818181818181819 0.06060606060606062 0.0 
0.043478260869565216 0.06521739130434782 0.057971014492753624 0.014492753623188406 0.07246376811594203 0.036231884057971016 0.050724637681159424 0.028985507246376812 0.050724637681159424 0.014492753623188406 0.050724637681159424 0.06521739130434782 0.007246376811594203 0.050724637681159424 0.014492753623188406 0.036231884057971016 0.036231884057971016 0.06521739130434782 0.057971014492753624 0.06521739130434782 0.007246376811594203 0.021739130434782608 0.050724637681159424 0.007246376811594203 0.028985507246376812 0.0 
0.0697674418604651 0.007751937984496122 0.03100775193798449 0.0697674418604651 0.015503875968992244 0.04651162790697674 0.02325581395348837 0.0697674418604651 0.03100775193798449 0.03100775193798449 0.04651162790697674 0.02325581395348837 0.054263565891472854 0.07751937984496123 0.02325581395348837 0.015503875968992244 0.03875968992248061 0.02325581395348837 0.07751937984496123 0.07751937984496123 0.007751937984496122 0.0697674418604651 0.03100775193798449 0.015503875968992244 0.02325581395348837 0.0 
0.024999999999999994 0.016666666666666663 0.04999999999999999 0.07499999999999998 0.033333333333333326 0.04166666666666666 0.033333333333333326 0.04166666666666666 0.05833333333333332 0.024999999999999994 0.05833333333333332 0.04166666666666666 0.04166666666666666 0.016666666666666663 0.06666666666666665 0.016666666666666663 0.008333333333333331 0.033333333333333326 0.08333333333333331 0.05833333333333332 0.008333333333333331 0.08333333333333331 0.05833333333333332 0.016666666666666663 0.008333333333333331 0.0 
0.021739130434782608 0.007246376811594203 0.014492753623188406 0.06521739130434782 0.036231884057971016 0.036231884057971016 0.07246376811594203 0.07246376811594203 0.050724637681159424 0.036231884057971016 0.014492753623188406 0.014492753623188406 0.043478260869565216 0.043478260869565216 0.014492753623188406 0.050724637681159424 0.050724637681159424 0.036231884057971016 0.057971014492753624 0.057971014492753624 0.06521739130434782 0.021739130434782608 0.043478260869565216 0.043478260869565216 0.028985507246376812 0.0 
0.08196721311475405 0.07377049180327866 0.07377049180327866 0.008196721311475407 0.02459016393442622 0.06557377049180325 0.06557377049180325 0.05737704918032784 0.016393442622950814 0.03278688524590163 0.040983606557377025 0.02459016393442622 0.008196721311475407 0.016393442622950814 0.04918032786885244 0.016393442622950814 0.016393442622950814 0.03278688524590163 0.07377049180327866 0.016393442622950814 0.05737704918032784 0.040983606557377025 0.008196721311475407 0.040983606557377025 0.05737704918032784 0.0 
0.07194244604316546 0.02158273381294964 0.07194244604316546 0.014388489208633094 0.014388489208633094 0.014388489208633094 0.050359712230215826 0.06474820143884892 0.02877697841726619 0.02158273381294964 0.07194244604316546 0.04316546762589928 0.07194244604316546 0.02877697841726619 0.02158273381294964 0.050359712230215826 0.014388489208633094 0.02877697841726619 0.02158273381294964 0.07194244604316546 0.07194244604316546 0.02877697841726619 0.02877697841726619 0.05755395683453238 0.014388489208633094 0.0 
0.030303030303030318 0.060606060606060635 0.030303030303030318 0.05303030303030305 0.0681818181818182 0.04545454545454548 0.0075757575757575794 0.0075757575757575794 0.04545454545454548 0.04545454545454548 0.037878787878787894 0.0681818181818182 0.060606060606060635 0.05303030303030305 0.015151515151515159 0.037878787878787894 0.04545454545454548 0.015151515151515159 0.05303030303030305 0.05303030303030305 0.015151515151515159 0.05303030303030305 0.04545454545454548 0.030303030303030318 0.02272727272727274 0.0 
0.031746031746031744 0.03968253968253968 0.07142857142857142 0.03968253968253968 0.023809523809523808 0.05555555555555555 0.007936507936507936 0.023809523809523808 0.07936507936507936 0.007936507936507936 0.07142857142857142 0.015873015873015872 0.06349206349206349 0.023809523809523808 0.05555555555555555 0.015873015873015872 0.047619047619047616 0.007936507936507936 0.05555555555555555 0.05555555555555555 0.047619047619047616 0.06349206349206349 0.007936507936507936 0.05555555555555555 0.031746031746031744 0.0 
1.0 0.0 0.0 0.0 0.0 0.0 0.0 0.0 0.0 0.0 0.0 0.0 0.0 0.0 0.0 0.0 0.0 0.0 0.0 0.0 0.0 0.0 0.0 0.0 0.0 0.0 

emissions
1 1 1 1 1 1 1 1 1 1 1 1 1 1 1 1 1 1 1 1 1 1 1 1 0 0 
0 0 0 0 0 0 0 0 0 0 0 0 0 0 0 0 0 0 0 0 0 0 0 0 0 1 
0 0 0 0 0 0 0 0 0 0 0 0 0 0 0 0 0 0 0 0 0 0 0 0 1 0 
