states
0 1 2 3 4 5 6 7 8 9 10 11 12 13 14 15 16 17 18 19 20 21 22 23 24 25 
labels
empty init elected 
initial
0.0 0.0 0.0 0.0 0.0 0.0 0.0 0.0 0.0 0.0 0.0 0.0 0.0 0.0 0.0 0.0 0.0 0.0 0.0 0.0 0.0 0.0 0.0 0.0 0.0 1.0
transitions
0.04790419161676648 0.035928143712574856 0.01197604790419162 0.053892215568862284 0.04790419161676648 0.053892215568862284 0.017964071856287428 0.05988023952095809 0.04790419161676648 0.04790419161676648 0.04790419161676648 0.05988023952095809 0.053892215568862284 0.029940119760479045 0.017964071856287428 0.04191616766467066 0.029940119760479045 0.02395209580838324 0.00598802395209581 0.04790419161676648 0.035928143712574856 0.035928143712574856 0.05988023952095809 0.04191616766467066 0.04191616766467066 0.0 
0.07627118644067797 0.025423728813559324 0.05084745762711865 0.07627118644067797 0.01694915254237288 0.025423728813559324 0.06779661016949153 0.00847457627118644 0.07627118644067797 0.03389830508474576 0.01694915254237288 0.00847457627118644 0.03389830508474576 0.025423728813559324 0.03389830508474576 0.025423728813559324 0.0847457627118644 0.025423728813559324 0.01694915254237288 0.00847457627118644 0.01694915254237288 0.0847457627118644 0.0847457627118644 0.00847457627118644 0.06779661016949153 0.0 
0.019480519480519484 0.04545454545454546 0.025974025974025983 0.051948051948051965 0.058441558441558454 0.019480519480519484 0.04545454545454546 0.051948051948051965 0.051948051948051965 0.06493506493506494 0.019480519480519484 0.051948051948051965 0.03896103896103897 0.025974025974025983 0.006493506493506496 0.03896103896103897 0.03246753246753247 0.025974025974025983 0.058441558441558454 0.06493506493506494 0.03896103896103897 0.058441558441558454 0.04545454545454546 0.051948051948051965 0.006493506493506496 0.0 
0.03571428571428571 0.05 0.06428571428571428 0.03571428571428571 0.06428571428571428 0.014285714285714285 0.07142857142857142 0.04285714285714286 0.03571428571428571 0.02142857142857143 0.02857142857142857 0.03571428571428571 0.05714285714285714 0.05 0.05 0.06428571428571428 0.007142857142857143 0.02857142857142857 0.04285714285714286 0.05 0.014285714285714285 0.014285714285714285 0.05 0.007142857142857143 0.06428571428571428 0.0 
0.055944055944055944 0.04195804195804196 0.055944055944055944 0.04895104895104895 0.06293706293706294 0.03496503496503497 0.03496503496503497 0.006993006993006993 0.055944055944055944 0.02097902097902098 0.013986013986013986 0.06293706293706294 0.06293706293706294 0.013986013986013986 0.027972027972027972 0.013986013986013986 0.027972027972027972 0.04895104895104895 0.055944055944055944 0.03496503496503497 0.006993006993006993 0.055944055944055944 0.027972027972027972 0.055944055944055944 0.06993006993006994 0.0 
0.04794520547945205 0.04794520547945205 0.0684931506849315 0.0273972602739726 0.02054794520547945 0.0547945205479452 0.04794520547945205 0.0547945205479452 0.0684931506849315 0.03424657534246575 0.0273972602739726 0.00684931506849315 0.0410958904109589 0.00684931506849315 0.0684931506849315 0.0410958904109589 0.0547945205479452 0.0410958904109589 0.0684931506849315 0.06164383561643835 0.02054794520547945 0.03424657534246575 0.02054794520547945 0.0273972602739726 0.00684931506849315 0.0 
0.02941176470588236 0.05147058823529413 0.0735294117647059 0.00735294117647059 0.02941176470588236 0.03676470588235295 0.06617647058823531 0.05147058823529413 0.02941176470588236 0.05882352941176472 0.02941176470588236 0.0735294117647059 0.01470588235294118 0.03676470588235295 0.06617647058823531 0.02941176470588236 0.00735294117647059 0.02205882352941177 0.03676470588235295 0.05147058823529413 0.01470588235294118 0.0735294117647059 0.00735294117647059 0.0735294117647059 0.02941176470588236 0.0 
0.01360544217687075 0.020408163265306124 0.0272108843537415 0.020408163265306124 0.06802721088435376 0.04081632653061225 0.020408163265306124 0.054421768707483 0.06802721088435376 0.04081632653061225 0.04761904761904762 0.04081632653061225 0.06802721088435376 0.06802721088435376 0.04761904761904762 0.06122448979591837 0.04081632653061225 0.03401360544217688 0.03401360544217688 0.04761904761904762 0.020408163265306124 0.020408163265306124 0.01360544217687075 0.0272108843537415 0.054421768707483 0.0 
0.036231884057971016 0.007246376811594203 0.043478260869565216 0.057971014492753624 0.028985507246376812 0.06521739130434782 0.043478260869565216 0.07246376811594203 0.014492753623188406 0.043478260869565216 0.036231884057971016 0.028985507246376812 0.07246376811594203 0.043478260869565216 0.050724637681159424 0.050724637681159424 0.014492753623188406 0.007246376811594203 0.043478260869565216 0.021739130434782608 0.007246376811594203 0.043478260869565216 0.06521739130434782 0.043478260869565216 0.057971014492753624 0.0 
0.06293706293706294 0.06993006993006994 0.06993006993006994 0.006993006993006993 0.027972027972027972 0.055944055944055944 0.006993006993006993 0.03496503496503497 0.055944055944055944 0.055944055944055944 0.03496503496503497 0.013986013986013986 0.027972027972027972 0.006993006993006993 0.055944055944055944 0.055944055944055944 0.04195804195804196 0.013986013986013986 0.04195804195804196 0.027972027972027972 0.06993006993006994 0.027972027972027972 0.006993006993006993 0.06993006993006994 0.055944055944055944 0.0 
0.047619047619047616 0.013605442176870748 0.05442176870748299 0.06802721088435375 0.047619047619047616 0.027210884353741496 0.05442176870748299 0.02040816326530612 0.05442176870748299 0.061224489795918366 0.06802721088435375 0.013605442176870748 0.02040816326530612 0.06802721088435375 0.006802721088435374 0.047619047619047616 0.061224489795918366 0.04081632653061224 0.05442176870748299 0.04081632653061224 0.061224489795918366 0.013605442176870748 0.02040816326530612 0.027210884353741496 0.006802721088435374 0.0 
0.04347826086956522 0.04347826086956522 0.05072463768115944 0.05072463768115944 0.007246376811594205 0.07246376811594205 0.04347826086956522 0.04347826086956522 0.02898550724637682 0.04347826086956522 0.07246376811594205 0.01449275362318841 0.01449275362318841 0.07246376811594205 0.06521739130434784 0.01449275362318841 0.07246376811594205 0.01449275362318841 0.007246376811594205 0.05072463768115944 0.007246376811594205 0.007246376811594205 0.02173913043478261 0.06521739130434784 0.07246376811594205 0.0 
0.006802721088435374 0.02040816326530612 0.06802721088435375 0.013605442176870748 0.04081632653061224 0.027210884353741496 0.04081632653061224 0.05442176870748299 0.027210884353741496 0.047619047619047616 0.06802721088435375 0.04081632653061224 0.061224489795918366 0.027210884353741496 0.047619047619047616 0.034013605442176874 0.034013605442176874 0.02040816326530612 0.061224489795918366 0.04081632653061224 0.05442176870748299 0.047619047619047616 0.02040816326530612 0.061224489795918366 0.034013605442176874 0.0 
0.022556390977443608 0.05263157894736842 0.015037593984962405 0.007518796992481203 0.03759398496240601 0.07518796992481203 0.007518796992481203 0.06015037593984962 0.07518796992481203 0.007518796992481203 0.022556390977443608 0.03007518796992481 0.007518796992481203 0.007518796992481203 0.015037593984962405 0.06015037593984962 0.06766917293233082 0.022556390977443608 0.06766917293233082 0.03007518796992481 0.05263157894736842 0.03759398496240601 0.07518796992481203 0.07518796992481203 0.06766917293233082 0.0 
0.007874015748031496 0.07086614173228346 0.03937007874015748 0.015748031496062992 0.047244094488188976 0.047244094488188976 0.031496062992125984 0.015748031496062992 0.023622047244094488 0.07874015748031496 0.031496062992125984 0.015748031496062992 0.031496062992125984 0.047244094488188976 0.015748031496062992 0.06299212598425197 0.03937007874015748 0.06299212598425197 0.07086614173228346 0.047244094488188976 0.015748031496062992 0.07086614173228346 0.05511811023622047 0.007874015748031496 0.047244094488188976 0.0 
0.028985507246376805 0.014492753623188403 0.06521739130434781 0.007246376811594201 0.04347826086956521 0.07246376811594202 0.07246376811594202 0.03623188405797101 0.07246376811594202 0.05072463768115941 0.04347826086956521 0.03623188405797101 0.07246376811594202 0.06521739130434781 0.028985507246376805 0.05797101449275361 0.03623188405797101 0.007246376811594201 0.007246376811594201 0.05797101449275361 0.05797101449275361 0.007246376811594201 0.007246376811594201 0.007246376811594201 0.04347826086956521 0.0 
0.057142857142857155 0.05000000000000002 0.057142857142857155 0.05000000000000002 0.07142857142857144 0.042857142857142864 0.021428571428571432 0.0642857142857143 0.03571428571428572 0.057142857142857155 0.042857142857142864 0.042857142857142864 0.028571428571428577 0.021428571428571432 0.021428571428571432 0.03571428571428572 0.07142857142857144 0.057142857142857155 0.007142857142857144 0.014285714285714289 0.014285714285714289 0.07142857142857144 0.028571428571428577 0.021428571428571432 0.014285714285714289 0.0 
0.06040268456375839 0.03355704697986577 0.03355704697986577 0.04697986577181208 0.06711409395973154 0.020134228187919462 0.006711409395973154 0.06040268456375839 0.06040268456375839 0.013422818791946308 0.040268456375838924 0.04697986577181208 0.020134228187919462 0.03355704697986577 0.006711409395973154 0.053691275167785234 0.053691275167785234 0.06711409395973154 0.006711409395973154 0.053691275167785234 0.06711409395973154 0.013422818791946308 0.06711409395973154 0.040268456375838924 0.026845637583892617 0.0 
0.0075757575757575794 0.02272727272727274 0.030303030303030318 0.030303030303030318 0.0075757575757575794 0.02272727272727274 0.04545454545454548 0.015151515151515159 0.07575757575757579 0.0681818181818182 0.0075757575757575794 0.060606060606060635 0.015151515151515159 0.037878787878787894 0.0681818181818182 0.02272727272727274 0.060606060606060635 0.060606060606060635 0.04545454545454548 0.060606060606060635 0.04545454545454548 0.05303030303030305 0.0681818181818182 0.0075757575757575794 0.060606060606060635 0.0 
0.03305785123966943 0.041322314049586785 0.008264462809917357 0.008264462809917357 0.016528925619834715 0.008264462809917357 0.041322314049586785 0.03305785123966943 0.03305785123966943 0.03305785123966943 0.07438016528925621 0.041322314049586785 0.024793388429752074 0.07438016528925621 0.041322314049586785 0.04958677685950415 0.041322314049586785 0.04958677685950415 0.08264462809917357 0.016528925619834715 0.04958677685950415 0.07438016528925621 0.04958677685950415 0.016528925619834715 0.0578512396694215 0.0 
0.06369426751592358 0.06369426751592358 0.03184713375796179 0.0445859872611465 0.019108280254777073 0.02547770700636943 0.05095541401273886 0.05095541401273886 0.0445859872611465 0.06369426751592358 0.0445859872611465 0.06369426751592358 0.019108280254777073 0.06369426751592358 0.012738853503184716 0.02547770700636943 0.05095541401273886 0.05095541401273886 0.012738853503184716 0.0445859872611465 0.006369426751592358 0.006369426751592358 0.05095541401273886 0.05732484076433122 0.03184713375796179 0.0 
0.00641025641025641 0.05128205128205128 0.05128205128205128 0.0641025641025641 0.00641025641025641 0.057692307692307696 0.03205128205128205 0.05128205128205128 0.00641025641025641 0.0641025641025641 0.04487179487179487 0.04487179487179487 0.057692307692307696 0.05128205128205128 0.03205128205128205 0.02564102564102564 0.038461538461538464 0.019230769230769232 0.0641025641025641 0.038461538461538464 0.057692307692307696 0.01282051282051282 0.04487179487179487 0.05128205128205128 0.02564102564102564 0.0 
0.07547169811320756 0.0849056603773585 0.009433962264150945 0.009433962264150945 0.009433962264150945 0.03773584905660378 0.07547169811320756 0.009433962264150945 0.07547169811320756 0.009433962264150945 0.05660377358490567 0.009433962264150945 0.009433962264150945 0.05660377358490567 0.06603773584905662 0.05660377358490567 0.028301886792452834 0.01886792452830189 0.009433962264150945 0.06603773584905662 0.04716981132075473 0.03773584905660378 0.009433962264150945 0.06603773584905662 0.06603773584905662 0.0 
0.01775147928994083 0.047337278106508875 0.05917159763313609 0.01775147928994083 0.05325443786982249 0.04142011834319527 0.05917159763313609 0.01775147928994083 0.047337278106508875 0.03550295857988166 0.05325443786982249 0.05325443786982249 0.05325443786982249 0.03550295857988166 0.047337278106508875 0.04142011834319527 0.029585798816568046 0.011834319526627219 0.047337278106508875 0.029585798816568046 0.03550295857988166 0.05917159763313609 0.047337278106508875 0.023668639053254437 0.03550295857988166 0.0 
0.025974025974025983 0.051948051948051965 0.04545454545454546 0.058441558441558454 0.019480519480519484 0.006493506493506496 0.058441558441558454 0.03896103896103897 0.03896103896103897 0.012987012987012991 0.058441558441558454 0.051948051948051965 0.03896103896103897 0.006493506493506496 0.025974025974025983 0.006493506493506496 0.06493506493506494 0.04545454545454546 0.06493506493506494 0.04545454545454546 0.04545454545454546 0.019480519480519484 0.058441558441558454 0.051948051948051965 0.058441558441558454 0.0 
1.0 0.0 0.0 0.0 0.0 0.0 0.0 0.0 0.0 0.0 0.0 0.0 0.0 0.0 0.0 0.0 0.0 0.0 0.0 0.0 0.0 0.0 0.0 0.0 0.0 0.0 

emissions
1 1 1 1 1 1 1 1 1 1 1 1 1 1 1 1 1 1 1 1 1 1 1 1 0 0 
0 0 0 0 0 0 0 0 0 0 0 0 0 0 0 0 0 0 0 0 0 0 0 0 0 1 
0 0 0 0 0 0 0 0 0 0 0 0 0 0 0 0 0 0 0 0 0 0 0 0 1 0 
